Considering all features:

Similarity Matrix for file 1:
          0        1         2         3
0  0.000000  0.00000  0.399991  0.113482
1  0.000000  0.20759  0.224206  0.268125
2  0.203736  0.00000  0.025245  0.141144
3  0.000000  0.00000  0.143038  0.183952

Overall Similarity for file 1: 0.4776272705947871

Centroid Euclidean Distance Matrix for file 1:
           0          1         2         3
0  11.543043   8.957766  2.062156  3.521861
1  11.834023   6.526294  2.935782  2.877453
2   6.071104  11.004695  8.910298  7.784368
3  12.290376   8.589536  3.350771  3.238021

Centroid Pearson Correlation Matrix for file 1:
          0         1         2         3
0 -0.108608 -0.499138  0.616741 -0.221172
1 -0.382767  0.541773 -0.245717 -0.114755
2  0.838595  0.020716 -0.419421  0.230438
3 -0.340818 -0.217405  0.088799  0.203200
Similarity Matrix for file 2:
          0         1         2         3
0  0.000000  0.273307  0.000000  0.316919
1  0.000000  0.000000  0.414642  0.000000
2  0.023853  0.000000  0.144888  0.223706
3  0.000000  0.000000  0.320136  0.235492

Overall Similarity for file 2: 0.48823538353790596

Centroid Euclidean Distance Matrix for file 2:
           0          1         2         3
0  16.437288   7.011307  5.499795  3.288393
1  16.249917  10.543571  2.257316  5.124769
2  14.572592  10.442637  4.507610  4.181115
3  16.132735   9.882028  2.893352  3.466797

Centroid Pearson Correlation Matrix for file 2:
          0         1         2         3
0 -0.124692  0.688043 -0.777302  0.534117
1 -0.115506 -0.323833  0.730953 -0.649269
2  0.431957 -0.107949 -0.101063  0.134098
3 -0.170317 -0.235168  0.157600 -0.043050
Similarity Matrix for file 3:
          0         1         2         3
0  0.000000  0.116705  0.000000  0.638563
1  0.008411  0.000000  0.151951  0.211479
2  0.000000  0.014849  0.032756  0.036443
3  0.000000  0.000000  0.783909  0.000000

Overall Similarity for file 3: 0.4987669376955347

Centroid Euclidean Distance Matrix for file 3:
           0          1         2         3
0  25.367685   9.592780  4.962540  1.941967
1  24.310789  11.779774  4.347991  4.175583
2  26.853988  14.269620  9.577741  9.627694
3  25.245770  11.655361  0.972203  4.679521

Centroid Pearson Correlation Matrix for file 3:
          0         1         2         3
0 -0.098081  0.446000 -0.905276  0.807985
1  0.301458 -0.081540 -0.083797  0.111658
2 -0.037240 -0.035874 -0.007604  0.024749
3 -0.100851 -0.362647  0.932871 -0.863633
Similarity Matrix for file 4:
          0         1         2         3
0  0.000000  0.000000  0.065090  0.433889
1  0.000000  0.000000  0.317326  0.000000
2  0.000000  0.000000  0.513314  0.000000
3  0.004699  0.130963  0.056116  0.424771

Overall Similarity for file 4: 0.4865418246215918

Centroid Euclidean Distance Matrix for file 4:
           0          1         2         3
0  28.072243  11.084329  4.292255  1.781977
1  28.303999  11.939306  2.562060  5.222082
2  28.268365  11.801302  1.760243  4.960010
3  27.706023   9.628278  4.212490  2.197615

Centroid Pearson Correlation Matrix for file 4:
          0         1         2         3
0  0.002442 -0.006160 -0.697471  0.763308
1 -0.068001 -0.264599  0.652179 -0.601028
2 -0.084783 -0.304995  0.798019 -0.743020
3  0.145035  0.551118 -0.768249  0.607919
Similarity Matrix for file 5:
          0         1         2         3
0  0.000000  0.000000  0.324423  0.000000
1  0.000000  0.121993  0.000000  0.657910
2  0.000000  0.000000  0.480620  0.000000
3  0.015161  0.000000  0.161116  0.216884

Overall Similarity for file 5: 0.49452672940855297

Centroid Euclidean Distance Matrix for file 5:
           0          1         2         3
0  19.288455  11.411934  2.263121  4.861106
1  19.218146   9.348370  4.968293  1.920433
2  18.982767  11.704239  1.587232  5.040948
3  17.812431  11.524143  4.250521  4.098273

Centroid Pearson Correlation Matrix for file 5:
          0         1         2         3
0 -0.160269 -0.224917  0.653057 -0.610747
1 -0.131705  0.453538 -0.912388  0.816620
2 -0.069878 -0.380937  0.871809 -0.790149
3  0.374177 -0.084107 -0.085067  0.105326
Similarity Matrix for file 6:
          0         1         2         3
0  0.000000  0.000000  0.239788  0.187022
1  0.000000  0.138471  0.210822  0.183464
2  0.015668  0.000000  0.177772  0.200838
3  0.000000  0.000000  0.195179  0.169105

Overall Similarity for file 6: 0.4295321016338504

Centroid Euclidean Distance Matrix for file 6:
           0          1         2         3
0  18.891176  10.885901  3.067723  3.423019
1  18.900173   9.357200  3.253028  3.378512
2  17.367108  11.607337  4.442861  4.389413
3  18.969343  10.925066  3.434979  3.622770

Centroid Pearson Correlation Matrix for file 6:
          0         1         2         3
0 -0.143203 -0.161786  0.120137 -0.020774
1 -0.168321  0.376873 -0.128592 -0.065300
2  0.386853 -0.105307 -0.028685  0.055426
3 -0.138562 -0.130592  0.055603  0.028876
Similarity Matrix for file 7:
         0    1         2         3
0  0.00000  0.0  0.253393  0.235830
1  0.02412  0.0  0.193933  0.194044
2  0.00000  0.0  0.338708  0.261227
3  0.00000  1.0  0.000000  0.000000

Overall Similarity for file 7: 0.6253139225345116

Centroid Euclidean Distance Matrix for file 7:
           0          1          2          3
0  15.783481  10.512566   2.729545   2.819295
1  14.020963  11.355276   4.277680   4.392755
2  15.712574  10.425129   2.316687   2.654568
3  18.421361   0.000000  10.476275  10.388427

Centroid Pearson Correlation Matrix for file 7:
          0         1         2         3
0 -0.231493 -0.197999  0.038059  0.104274
1  0.451791 -0.113338  0.018129 -0.007117
2 -0.257949 -0.215882  0.132500  0.018492
3 -0.058095  1.000000 -0.361360 -0.200042
Similarity Matrix for file 8:
          0         1         2         3
0  0.000000  0.000461  0.259542  0.090416
1  0.000000  0.000000  0.207497  0.203538
2  0.032449  0.000000  0.198901  0.195503
3  0.000000  0.145180  0.166337  0.245940

Overall Similarity for file 8: 0.4364410721906948

Centroid Euclidean Distance Matrix for file 8:
           0          1         2         3
0  13.999269  10.728612  2.751998  3.808328
1  14.195039  10.480755  3.248383  3.293049
2  12.104897  11.196692  4.210574  4.347069
3  14.157880   8.772375  3.249126  2.875378

Centroid Pearson Correlation Matrix for file 8:
          0         1         2         3
0 -0.140398 -0.246394  0.395181 -0.250008
1 -0.209173 -0.136286  0.015402  0.096066
2  0.488533 -0.118613  0.017187 -0.019622
3 -0.280395  0.475425 -0.353128  0.130999
Similarity Matrix for file 9:
          0        1         2         3
0  0.000000  0.00000  0.224038  0.109026
1  0.000000  0.13746  0.188031  0.245652
2  0.030207  0.00000  0.199705  0.201844
3  0.000000  0.00000  0.214818  0.173722

Overall Similarity for file 9: 0.43112563134026516

Centroid Euclidean Distance Matrix for file 9:
           0          1         2         3
0  14.295610  10.561902  2.783531  3.592433
1  14.322289   8.836179  3.081623  2.792422
2  12.384548  11.144318  4.183650  4.278157
3  14.406553  10.538830  3.299208  3.569500

Centroid Pearson Correlation Matrix for file 9:
          0         1         2         3
0 -0.184458 -0.219445  0.305309 -0.164841
1 -0.280259  0.451173 -0.318444  0.105948
2  0.483327 -0.120362  0.003243 -0.000130
3 -0.183021 -0.152679  0.098264  0.013816
Similarity Matrix for file 10:
          0         1         2         3
0  0.000000  0.000000  0.309908  0.000000
1  0.000000  0.127755  0.000000  0.667551
2  0.000000  0.000000  0.251939  0.000000
3  0.018132  0.000000  0.379759  0.143207

Overall Similarity for file 10: 0.47456257877518937

Centroid Euclidean Distance Matrix for file 10:
           0          1         2         3
0  15.053780  12.220934  3.040916  5.400119
1  15.090381   9.728857  4.988325  1.910635
2  15.176092  12.326948  3.523345  5.649695
3  13.614905  11.895721  2.657691  4.109888

Centroid Pearson Correlation Matrix for file 10:
          0         1         2         3
0 -0.131975 -0.247307  0.558148 -0.499523
1 -0.160621  0.477733 -0.939001  0.853248
2 -0.125042 -0.218379  0.489490 -0.436439
3  0.373558 -0.190589  0.275359 -0.262137
Similarity Matrix for file 11:
          0    1         2         3
0  0.000000  1.0  0.000000  0.000000
1  0.009008  0.0  0.283040  0.531727
2  0.000620  0.0  0.038447  0.035017
3  0.000000  0.0  0.526125  0.000030

Overall Similarity for file 11: 0.6060036411178973

Centroid Euclidean Distance Matrix for file 11:
           0          1          2          3
0  19.364465   0.000000  11.896417  11.269715
1  15.338022  11.438956   2.689824   2.087130
2  18.293901  14.714135   9.157758   9.475394
3  16.153802  12.091382   1.981429   4.846567

Centroid Pearson Correlation Matrix for file 11:
          0         1         2         3
0 -0.047533  1.000000 -0.438881  0.055866
1  0.213089 -0.106820 -0.554623  0.644271
2 -0.048144 -0.076924  0.043102 -0.009814
3 -0.169049 -0.317217  0.726017 -0.653834
Similarity Matrix for file 12:
          0    1         2         3
0  0.000000  0.0  0.000000  0.724522
1  0.010182  0.0  0.354332  0.152385
2  0.000000  1.0  0.000000  0.000000
3  0.000000  0.0  0.593927  0.000000

Overall Similarity for file 12: 0.7088372196520096

Centroid Euclidean Distance Matrix for file 12:
           0          1          2          3
0  19.002292  11.621756   4.940677   1.475909
1  17.824895  12.377932   2.758401   4.084258
2  21.830581   0.000000  12.241043  11.629632
3  18.802337  12.390520   1.741826   4.783315

Centroid Pearson Correlation Matrix for file 12:
          0         1         2         3
0 -0.118841  0.091575 -0.863664  0.932720
1  0.311966 -0.174075  0.213836 -0.187179
2 -0.042383  1.000000 -0.441305  0.068061
3 -0.162293 -0.331031  0.759601 -0.693583
Similarity Matrix for file 13:
          0    1         2         3
0  0.000000  0.0  0.586494  0.000000
1  0.000000  0.0  0.000000  0.732528
2  0.000000  1.0  0.000000  0.000000
3  0.009011  0.0  0.360370  0.149741

Overall Similarity for file 13: 0.7095361821125787

Centroid Euclidean Distance Matrix for file 13:
           0          1          2          3
0  19.828727  12.414114   1.770001   4.782601
1  20.003203  11.635455   4.906292   1.426315
2  22.721942   0.000000  12.253420  11.643119
3  18.916625  12.379659   2.723891   4.073479

Centroid Pearson Correlation Matrix for file 13:
          0         1         2         3
0 -0.151595 -0.330570  0.763037 -0.696899
1 -0.114837  0.085233 -0.868105  0.935128
2 -0.042289  1.000000 -0.432483  0.061358
3  0.299339 -0.173934  0.237279 -0.210501
Similarity Matrix for file 14:
          0    1         2         3
0  0.006576  0.0  0.304802  0.149635
1  0.000000  0.0  0.656479  0.000000
2  0.000000  1.0  0.000000  0.000000
3  0.000000  0.0  0.000000  0.742680

Overall Similarity for file 14: 0.7150428867844466

Centroid Euclidean Distance Matrix for file 14:
           0          1          2          3
0  23.342597  12.935969   2.835257   4.276516
1  24.085976  13.511105   1.353310   5.916128
2  26.819612   0.000000  13.212866  12.132755
3  24.318501  12.118183   6.086846   1.425839

Centroid Pearson Correlation Matrix for file 14:
          0         1         2         3
0  0.281778 -0.132589  0.098063 -0.076577
1 -0.097607 -0.417167  0.907695 -0.865200
2 -0.031805  1.000000 -0.467599  0.181785
3 -0.058754  0.195846 -0.924028  0.965745
Similarity Matrix for file 15:
          0         1         2         3
0  0.000000  0.114786  0.000000  0.669194
1  0.000000  0.000000  0.357199  0.000000
2  0.003298  0.000000  0.265165  0.161187
3  0.000000  0.000000  0.345046  0.000000

Overall Similarity for file 15: 0.478968840591271

Centroid Euclidean Distance Matrix for file 15:
           0          1         2         3
0  35.045206  11.009823  6.262401  2.022640
1  34.937727  13.978196  2.566658  6.294544
2  34.347394  13.262392  2.988781  4.258579
3  34.952530  14.007795  2.688324  6.363359

Centroid Pearson Correlation Matrix for file 15:
          0         1         2         3
0 -0.046956  0.499245 -0.969146  0.914334
1 -0.058060 -0.316600  0.679722 -0.649752
2  0.239365 -0.098046  0.013829  0.010149
3 -0.057061 -0.307452  0.665012 -0.636447
Similarity Matrix for file 16:
          0         1         2         3
0  0.000000  0.011986  0.035206  0.034338
1  0.001388  0.000000  0.545746  0.110047
2  0.000000  0.000000  0.354505  0.000000
3  0.000000  0.114815  0.000000  0.642859

Overall Similarity for file 16: 0.4627222523491248

Centroid Euclidean Distance Matrix for file 16:
           0          1         2         3
0  40.418340  15.923075  9.443111  9.977299
1  39.110972  13.511044  1.644856  4.773783
2  39.446229  14.083686  2.520597  6.287568
3  39.533321  11.140871  6.285394  2.048436

Centroid Pearson Correlation Matrix for file 16:
          0         1         2         3
0 -0.029809 -0.039908  0.013321 -0.000985
1  0.098314 -0.329797  0.588143 -0.548130
2 -0.047640 -0.310305  0.675459 -0.648006
3 -0.033142  0.501535 -0.966628  0.910986
Similarity Matrix for file 17:
          0    1         2         3
0  0.000000  1.0  0.000000  0.000000
1  0.000000  0.0  0.652000  0.000000
2  0.005532  0.0  0.307618  0.155551
3  0.000000  0.0  0.000000  0.729913

Overall Similarity for file 17: 0.7126537540120264

Centroid Euclidean Distance Matrix for file 17:
           0          1          2          3
0  27.972053   0.000000  13.167010  12.099714
1  25.421203  13.481706   1.376804   5.909741
2  24.742546  12.861463   2.815978   4.181215
3  25.615749  12.091234   6.077506   1.470695

Centroid Pearson Correlation Matrix for file 17:
          0         1         2         3
0 -0.027117  1.000000 -0.471481  0.182397
1 -0.094116 -0.419128  0.905033 -0.862377
2  0.255656 -0.125921  0.074238 -0.049836
3 -0.048724  0.196316 -0.921221  0.963221
Similarity Matrix for file 18:
          0         1         2         3
0  0.000000  0.000000  0.307232  0.000000
1  0.005997  0.055614  0.229885  0.539413
2  0.000000  0.002868  0.006036  0.006070
3  0.000000  0.000000  0.333621  0.000000

Overall Similarity for file 18: 0.3716839034076991

Centroid Euclidean Distance Matrix for file 18:
           0          1          2          3
0  19.115324  12.821983   2.968080   5.372162
1  18.308226  11.326442   2.992822   1.972332
2  26.565974  22.124040  18.722559  18.914545
3  19.083343  12.795473   2.787991   5.299354

Centroid Pearson Correlation Matrix for file 18:
          0         1         2         3
0 -0.108189 -0.228545  0.522198 -0.479311
1  0.165727  0.352854 -0.796229  0.728939
2 -0.039444 -0.052890  0.023380 -0.000988
3 -0.110479 -0.241749  0.554082 -0.509205
Similarity Matrix for file 19:
          0         1         2         3
0  0.005203  0.032008  0.088629  0.131991
1  0.008536  0.068739  0.257287  0.299422
2  0.000000  0.000000  0.322032  0.000000
3  0.000000  0.000310  0.206328  0.215888

Overall Similarity for file 19: 0.40909328774588083

Centroid Euclidean Distance Matrix for file 19:
           0          1         2         3
0  17.295024  11.720621  4.010956  4.023000
1  16.644909  11.078365  2.893445  2.899517
2  17.651831  12.528110  2.916840  5.324426
3  17.523448  11.882860  2.956873  3.417307

Centroid Pearson Correlation Matrix for file 19:
          0         1         2         3
0 -0.015150  0.003529 -0.152991  0.170163
1  0.255643  0.325925 -0.380988  0.263948
2 -0.119102 -0.242260  0.552408 -0.501873
3 -0.178503 -0.140995 -0.040700  0.120279
Similarity Matrix for file 20:
         0         1         2         3
0  0.00000  0.129537  0.000000  0.653798
1  0.00000  0.000000  0.267073  0.053621
2  0.00000  0.000000  0.305015  0.000000
3  0.01395  0.000000  0.378066  0.103538

Overall Similarity for file 20: 0.47614986703984763

Centroid Euclidean Distance Matrix for file 20:
           0          1         2         3
0  17.384947  10.011955  5.039490  2.036707
1  16.905995  12.378820  2.651071  4.772016
2  17.303611  12.431889  2.569524  5.147134
3  16.177372  12.148550  2.202512  4.001727

Centroid Pearson Correlation Matrix for file 20:
          0         1         2         3
0 -0.128459  0.491597 -0.935290  0.846137
1 -0.005767 -0.226988  0.446317 -0.401189
2 -0.144586 -0.261096  0.588609 -0.533740
3  0.300426 -0.233692  0.353040 -0.320549

-----------------------------------------------

Considering only categorical features:

Similarity Matrix for file 1:
          0         1         2         3
0  0.000000  0.000000  0.464489  0.216886
1  0.203866  0.000000  0.025186  0.141095
2  0.000000  0.206531  0.219839  0.263527
3  0.000000  0.021331  0.028718  0.031089

Overall Similarity for file 1: 0.45563934488972835

Centroid Euclidean Distance Matrix for file 1:
           0          1         2         3
0  11.629264   8.562495  1.585834  2.737331
1   6.067775  10.991186  8.908328  7.780247
2  11.827028   6.516644  2.944901  2.887951
3  14.106025  10.991087  8.055870  8.137235

Centroid Pearson Correlation Matrix for file 1:
          0         1         2         3
0 -0.298927 -0.569634  0.604654 -0.083602
1  0.839301  0.022330 -0.418892  0.228488
2 -0.382527  0.539633 -0.240890 -0.118581
3 -0.053790 -0.050684  0.013435  0.048372
Similarity Matrix for file 2:
          0         1         2         3
0  0.000000  0.157929  0.000000  0.635526
1  0.023853  0.000000  0.144888  0.223706
2  0.000000  0.000000  0.404588  0.000000
3  0.000000  0.000000  0.418409  0.000000

Overall Similarity for file 2: 0.5022244921906793

Centroid Euclidean Distance Matrix for file 2:
           0          1         2         3
0  16.290172   7.919280  4.952817  2.076683
1  14.572194  10.419935  4.500942  4.172480
2  16.226002  10.496525  2.264840  5.063219
3  16.239746  10.517071  2.226991  5.108548

Centroid Pearson Correlation Matrix for file 2:
          0         1         2         3
0 -0.154915  0.509504 -0.899505  0.766906
1  0.441645 -0.103869 -0.103068  0.133382
2 -0.112486 -0.321167  0.716369 -0.634800
3 -0.117684 -0.332795  0.737934 -0.652755
Similarity Matrix for file 3:
          0    1         2         3
0  0.000000  0.0  0.000000  0.731143
1  0.008204  0.0  0.156626  0.213823
2  0.000000  0.0  0.811505  0.000000
3  0.000000  1.0  0.000000  0.000000

Overall Similarity for file 3: 0.7303252206438705

Centroid Euclidean Distance Matrix for file 3:
           0          1          2          3
0  25.371166  10.835032   4.883651   1.478858
1  24.318316  11.745410   4.294545   4.141230
2  25.242600  11.628916   0.923204   4.668236
3  27.253470   0.000000  11.509257  10.852668

Centroid Pearson Correlation Matrix for file 3:
          0         1         2         3
0 -0.098602  0.051295 -0.845416  0.905718
1  0.305297 -0.084218 -0.078704  0.106989
2 -0.105772 -0.369931  0.942099 -0.870950
3 -0.036766  1.000000 -0.396842  0.022933
Similarity Matrix for file 4:
          0         1         2         3
0  0.000000  0.000000  0.005071  0.292434
1  0.000000  0.000000  0.829780  0.000000
2  0.006851  0.000000  0.136963  0.217939
3  0.000000  0.177941  0.000000  0.399589

Overall Similarity for file 4: 0.5166422335206043

Centroid Euclidean Distance Matrix for file 4:
           0          1         2         3
0  28.381508  11.101282  5.231768  2.506794
1  28.203879  11.671962  0.832785  4.678101
2  27.354794  11.780094  4.481418  4.115308
3  28.318147   9.025796  5.160828  2.587699

Centroid Pearson Correlation Matrix for file 4:
          0         1         2         3
0 -0.077430  0.029391 -0.704040  0.759191
1 -0.100113 -0.372904  0.952145 -0.883302
2  0.289315 -0.062942 -0.134904  0.161629
3 -0.075599  0.590675 -0.844436  0.683977
Similarity Matrix for file 5:
          0    1         2    3
0  0.010683  0.0  0.565159  0.0
1  0.000000  0.0  0.000000  1.0
2  0.000000  1.0  0.000000  0.0
3  0.000000  0.0  0.431371  0.0

Overall Similarity for file 5: 0.7518032175612465

Centroid Euclidean Distance Matrix for file 5:
           0          1          2          3
0  18.586865  11.329617   1.278068   4.352740
1  18.741799  10.630378   4.292981   0.000000
2  21.543658   0.000000  11.306945  10.630378
3  18.933954  11.484409   1.671316   4.735029

Centroid Pearson Correlation Matrix for file 5:
          0         1         2         3
0  0.066552 -0.337851  0.821505 -0.762426
1  0.009056  0.025081 -0.921164  1.000000
2 -0.040989  1.000000 -0.407801  0.025081
3 -0.060651 -0.323043  0.784954 -0.720481
Similarity Matrix for file 6:
          0         1         2         3
0  0.000000  0.000000  0.239788  0.187022
1  0.015668  0.000000  0.177772  0.200838
2  0.000000  0.138471  0.210822  0.183464
3  0.000000  0.000000  0.195179  0.169105

Overall Similarity for file 6: 0.4295321016338504

Centroid Euclidean Distance Matrix for file 6:
           0          1         2         3
0  18.887049  10.858218  3.066529  3.422173
1  17.366914  11.579819  4.435262  4.380703
2  18.896607   9.333079  3.250949  3.376608
3  18.964285  10.895515  3.432461  3.620958

Centroid Pearson Correlation Matrix for file 6:
          0         1         2         3
0 -0.144388 -0.164556  0.120536 -0.019726
1  0.397901 -0.099712 -0.030276  0.052759
2 -0.170207  0.374600 -0.128287 -0.063638
3 -0.140053 -0.133960  0.055970  0.030372
Similarity Matrix for file 7:
          0         1         2         3
0  0.000000  0.000000  0.348228  0.276980
1  0.000000  0.142279  0.205569  0.184647
2  0.000488  0.015609  0.035206  0.037850
3  0.024440  0.000000  0.192113  0.190345

Overall Similarity for file 7: 0.41343873904388295

Centroid Euclidean Distance Matrix for file 7:
           0          1         2         3
0  15.701857  10.399809  2.349759  2.621579
1  15.822092   9.093259  3.255230  3.328003
2  17.055530  12.360242  7.376389  7.440209
3  14.010541  11.327785  4.273250  4.390186

Centroid Pearson Correlation Matrix for file 7:
          0         1         2         3
0 -0.257237 -0.221032  0.107102  0.047904
1 -0.198554  0.382550 -0.143923 -0.048716
2 -0.063848 -0.074913  0.018362  0.032314
3  0.463018 -0.106486  0.018844 -0.013398
Similarity Matrix for file 8:
          0    1         2         3
0  0.032437  0.0  0.198872  0.195674
1  0.000000  0.0  0.387270  0.305479
2  0.000000  0.0  0.185917  0.168796
3  0.000000  1.0  0.000000  0.000000

Overall Similarity for file 8: 0.618611043239216

Centroid Euclidean Distance Matrix for file 8:
           0          1          2          3
0  12.100770  11.170168   4.201864   4.338864
1  13.966578  10.242643   2.195975   2.491260
2  14.237447  10.569461   3.534941   3.647837
3  16.874042   0.000000  10.316206  10.224455

Centroid Pearson Correlation Matrix for file 8:
          0         1         2         3
0  0.500250 -0.113653  0.016104 -0.023294
1 -0.323273 -0.258061  0.127096  0.067174
2 -0.181971 -0.136741  0.040809  0.065233
3 -0.060510  1.000000 -0.368355 -0.197368
Similarity Matrix for file 9:
          0    1         2         3
0  0.000000  0.0  0.485389  0.367007
1  0.073085  0.0  0.081434  0.101397
2  0.000000  1.0  0.000000  0.000000
3  0.000000  0.0  0.137678  0.128794

Overall Similarity for file 9: 0.5936961364215014

Centroid Euclidean Distance Matrix for file 9:
           0          1          2          3
0  14.145800  10.124586   1.848813   2.182240
1  11.429943  11.614423   5.111218   5.319972
2  17.042678   0.000000  10.277502  10.188547
3  13.228715  11.016596   4.125347   4.104916

Centroid Pearson Correlation Matrix for file 9:
          0         1         2         3
0 -0.436604 -0.347573  0.164086  0.096941
1  0.613970 -0.120264  0.038892 -0.056698
2 -0.061427  1.000000 -0.369890 -0.199027
3  0.275322 -0.088780 -0.029479  0.045089
Similarity Matrix for file 10:
          0         1         2         3
0  0.000000  0.000000  0.561847  0.000000
1  0.000000  0.127755  0.000000  0.667551
2  0.000000  0.000000  0.114330  0.058856
3  0.024745  0.000000  0.286541  0.117817

Overall Similarity for file 10: 0.48986038716323904

Centroid Euclidean Distance Matrix for file 10:
           0          1         2         3
0  14.859652  11.942107  1.894194  4.822950
1  15.085439   9.701475  4.986413  1.907256
2  14.329683  12.116196  3.533668  4.845746
3  13.478140  11.925509  2.927050  4.246743

Centroid Pearson Correlation Matrix for file 10:
          0         1         2         3
0 -0.185745 -0.343183  0.759187 -0.676048
1 -0.161562  0.476825 -0.940320  0.855597
2  0.115463 -0.129251  0.239679 -0.222475
3  0.412135 -0.167349  0.230969 -0.227074
Similarity Matrix for file 11:
          0    1         2         3
0  0.000000  1.0  0.000000  0.000000
1  0.000000  0.0  0.554842  0.052767
2  0.000000  0.0  0.000000  0.737453
3  0.017408  0.0  0.377011  0.086561

Overall Similarity for file 11: 0.7065104551828599

Centroid Euclidean Distance Matrix for file 11:
           0          1          2          3
0  19.344328   0.000000  11.865247  11.238418
1  15.912028  11.726236   1.547895   3.978084
2  16.352627  11.240262   4.902670   1.383891
3  14.993385  12.251391   2.428301   4.680773

Centroid Pearson Correlation Matrix for file 11:
          0         1         2         3
0 -0.048014  1.000000 -0.439029  0.057009
1 -0.140671 -0.257464  0.611835 -0.555728
2 -0.149088  0.080006 -0.864764  0.942178
3  0.283908 -0.302173  0.515337 -0.468796
Similarity Matrix for file 12:
          0         1         2         3
0  0.000000  0.124608  0.000000  0.656786
1  0.000000  0.000000  0.275949  0.000000
2  0.000000  0.000000  0.317963  0.000000
3  0.010182  0.000000  0.354345  0.152383

Overall Similarity for file 12: 0.4730540509905363

Centroid Euclidean Distance Matrix for file 12:
           0          1         2         3
0  18.988492  10.145527  5.028994  2.003137
1  18.993897  12.643581  3.244043  5.487805
2  18.935977  12.590967  2.933567  5.346881
3  17.824545  12.346772  2.738179  4.075990

Centroid Pearson Correlation Matrix for file 12:
          0         1         2         3
0 -0.122698  0.480214 -0.938563  0.850984
1 -0.111607 -0.223583  0.501873 -0.456074
2 -0.115639 -0.244182  0.552075 -0.502974
3  0.324471 -0.171423  0.221778 -0.198257
Similarity Matrix for file 13:
          0    1         2         3
0  0.007414  0.0  0.520255  0.090903
1  0.000000  0.0  0.407675  0.043082
2  0.000000  1.0  0.000000  0.000000
3  0.000000  0.0  0.000000  0.732528

Overall Similarity for file 13: 0.7004646493734765

Centroid Euclidean Distance Matrix for file 13:
           0          1          2          3
0  19.208712  12.221016   1.420495   4.132746
1  19.487910  12.338691   1.998326   4.224759
2  22.704197   0.000000  12.222102  11.611236
3  19.999244  11.603149   4.905947   1.424833

Centroid Pearson Correlation Matrix for file 13:
          0         1         2         3
0  0.132648 -0.319183  0.681224 -0.630812
1  0.009780 -0.282045  0.516825 -0.455574
2 -0.042890  1.000000 -0.432909  0.062811
3 -0.116117  0.084533 -0.869449  0.937221
Similarity Matrix for file 14:
          0         1         2         3
0  0.006868  0.000000  0.287029  0.153343
1  0.000000  0.115569  0.000000  0.676982
2  0.000000  0.000000  0.269482  0.000000
3  0.000000  0.000000  0.407027  0.000000

Overall Similarity for file 14: 0.47907509964136297

Centroid Euclidean Distance Matrix for file 14:
           0          1         2         3
0  23.324852  12.909206  2.888134  4.274524
1  24.310107  10.688641  6.157991  1.946076
2  24.203012  13.672890  2.851905  6.369079
3  24.105654  13.541926  1.889240  6.037347

Centroid Pearson Correlation Matrix for file 14:
          0         1         2         3
0  0.302590 -0.120661  0.082958 -0.064804
1 -0.063507  0.494632 -0.969888  0.915570
2 -0.070110 -0.295872  0.647952 -0.618447
3 -0.087540 -0.381781  0.813586 -0.773066
Similarity Matrix for file 15:
          0    1         2         3
0  0.000000  0.0  0.000000  0.732781
1  0.002203  0.0  0.494307  0.089745
2  0.000000  0.0  0.446480  0.035164
3  0.000000  1.0  0.000000  0.000000

Overall Similarity for file 15: 0.7001698661882882

Centroid Euclidean Distance Matrix for file 15:
           0          1          2          3
0  35.044910  12.404884   6.185616   1.497793
1  34.523121  13.414159   1.704300   4.865952
2  34.819268  13.661764   1.770641   5.626825
3  36.919349   0.000000  13.516568  12.427262

Centroid Pearson Correlation Matrix for file 15:
          0         1         2         3
0 -0.042894  0.204922 -0.926678  0.965049
1  0.111575 -0.335809  0.593405 -0.552501
2 -0.041190 -0.344001  0.725763 -0.692637
3 -0.033808  1.000000 -0.470727  0.192943
Similarity Matrix for file 16:
         0    1         2         3
0  0.00000  0.0  0.035245  0.034419
1  0.00144  0.0  0.190136  0.596709
2  0.00000  0.0  0.692473  0.000000
3  0.00000  1.0  0.000000  0.000000

Overall Similarity for file 16: 0.6376057867469264

Centroid Euclidean Distance Matrix for file 16:
           0          1          2          3
0  39.984445  15.086144   7.543030   8.257980
1  39.108306  12.704098   3.862484   1.865447
2  39.380406  13.874322   1.094781   5.874586
3  41.239647   0.000000  13.644459  12.569385

Centroid Pearson Correlation Matrix for file 16:
          0         1         2         3
0 -0.047824 -0.109485  0.038638 -0.005938
1  0.095186  0.154637 -0.871840  0.916350
2 -0.067156 -0.425014  0.926526 -0.889326
3 -0.027374  1.000000 -0.469270  0.195039
Similarity Matrix for file 17:
          0    1         2         3
0  0.000000  1.0  0.000000  0.000000
1  0.000000  0.0  0.647204  0.000000
2  0.000000  0.0  0.000000  0.729913
3  0.005477  0.0  0.311857  0.154654

Overall Similarity for file 17: 0.7122767180466885

Centroid Euclidean Distance Matrix for file 17:
           0          1          2          3
0  27.956499   0.000000  13.136303  12.067027
1  25.417076  13.451377   1.381069   5.913444
2  25.612613  12.058205   6.077103   1.469321
3  24.745149  12.831805   2.777123   4.177076

Centroid Pearson Correlation Matrix for file 17:
          0         1         2         3
0 -0.027226  1.000000 -0.472220  0.183929
1 -0.096237 -0.423296  0.907872 -0.864458
2 -0.049411  0.196431 -0.922043  0.964427
3  0.266426 -0.128155  0.087239 -0.064119
Similarity Matrix for file 18:
          0         1         2         3
0  0.000000  0.000000  0.336649  0.000000
1  0.000000  0.000000  0.310260  0.000000
2  0.010863  0.000000  0.310362  0.157074
3  0.000000  0.123613  0.000000  0.659089

Overall Similarity for file 18: 0.47697746979728706

Centroid Euclidean Distance Matrix for file 18:
           0          1         2         3
0  19.069991  12.762466  2.781325  5.294015
1  19.101166  12.787213  2.959121  5.364946
2  17.944991  12.561934  2.941473  4.121021
3  19.161172  10.336866  5.056625  2.013883

Centroid Pearson Correlation Matrix for file 18:
          0         1         2         3
0 -0.111956 -0.249444  0.558358 -0.510872
1 -0.109792 -0.236268  0.526484 -0.480954
2  0.332879 -0.142826  0.151637 -0.133598
3 -0.113041  0.483834 -0.940314  0.855477
Similarity Matrix for file 19:
          0         1         2         3
0  0.000000  0.000000  0.192084  0.153959
1  0.000000  0.109069  0.245843  0.167920
2  0.015855  0.000000  0.243531  0.170689
3  0.000000  0.000000  0.189158  0.168874

Overall Similarity for file 19: 0.4142453887692789

Centroid Euclidean Distance Matrix for file 19:
           0          1         2         3
0  17.550032  12.025226  3.439103  3.990204
1  17.510513  10.686739  3.221020  3.764704
2  16.252699  12.318947  3.119767  4.232340
3  17.512930  11.988111  3.404977  3.793496

Centroid Pearson Correlation Matrix for file 19:
          0         1         2         3
0 -0.119538 -0.124544  0.011214  0.050505
1 -0.163817  0.323802 -0.117845  0.005900
2  0.391047 -0.145636  0.156360 -0.143490
3 -0.116000 -0.121284 -0.039135  0.104927
Similarity Matrix for file 20:
          0         1         2         3
0  0.000000  0.129537  0.000000  0.653798
1  0.023745  0.000000  0.202932  0.107381
2  0.000000  0.000000  0.311148  0.000000
3  0.000000  0.000000  0.442533  0.061255

Overall Similarity for file 20: 0.4830822832506593

Centroid Euclidean Distance Matrix for file 20:
           0          1         2         3
0  17.379793   9.983720  5.037409  2.033139
1  16.041010  12.295590  2.896783  4.455411
2  17.328260  12.472404  2.964022  5.344806
3  16.675957  12.131075  1.836522  4.134242

Centroid Pearson Correlation Matrix for file 20:
          0         1         2         3
0 -0.129911  0.490404 -0.936699  0.848644
1  0.298920 -0.193711  0.271615 -0.246635
2 -0.125534 -0.240855  0.532439 -0.481351
3  0.056163 -0.272429  0.529549 -0.480345

------------------------------------------------

Considering only continuous features:

Similarity Matrix for file 1:
          0         1         2         3
0  0.020257  0.077225  0.247899  0.215334
1  0.000682  0.021122  0.029050  0.033340
2  0.016240  0.076373  0.248909  0.222379
3  0.020739  0.076252  0.232636  0.207508

Overall Similarity for file 1: 0.43648632048651564

Centroid Euclidean Distance Matrix for file 1:
          0         1         2         3
0  0.181215  0.656125  0.453030  0.510013
1  6.200714  6.029801  6.005044  5.974226
2  1.740603  1.629709  1.553117  1.547019
3  1.525494  1.662676  1.617132  1.619155

Centroid Pearson Correlation Matrix for file 1:
          0         1         2         3
0  0.960775 -0.254580  0.532611 -0.458194
1 -0.504827  0.203298 -0.291523  0.124228
2 -0.694723 -0.471960  0.207358  0.894788
3  0.608899  0.500674 -0.283187 -0.833595
Similarity Matrix for file 2:
          0         1         2         3
0  0.006090  0.053769  0.342792  0.278819
1  0.005822  0.052492  0.272459  0.234165
2  0.000000  0.030696  0.109809  0.108784
3  0.000000  0.017488  0.031935  0.035314

Overall Similarity for file 2: 0.39510836782640113

Centroid Euclidean Distance Matrix for file 2:
          0         1         2         3
0  0.888412  1.182155  1.014252  1.036245
1  1.311027  1.448167  1.317211  1.312059
2  2.636883  2.472535  2.388816  2.377762
3  5.991354  5.842386  5.789753  5.765948

Centroid Pearson Correlation Matrix for file 2:
          0         1         2         3
0  0.108613 -0.756066  0.701953  0.812686
1  0.562732  0.304524 -0.216203 -0.485491
2 -0.671984  0.223472 -0.197717 -0.183069
3 -0.497690  0.212326 -0.368235  0.058119
Similarity Matrix for file 3:
          0         1         2         3
0  0.002159  0.037821  0.354023  0.285464
1  0.001484  0.037330  0.338960  0.281298
2  0.000000  0.014800  0.032750  0.036444
3  0.000000  0.003402  0.000007  0.000000

Overall Similarity for file 3: 0.3564850936407594

Centroid Euclidean Distance Matrix for file 3:
           0          1          2          3
0   0.844287   1.378978   1.169321   1.187985
1   1.603404   1.443128   1.239848   1.231102
2   5.896366   5.748164   5.673062   5.646643
3  80.436247  79.651564  80.398725  80.411811

Centroid Pearson Correlation Matrix for file 3:
          0         1         2         3
0  0.881803  0.407874  0.112811 -0.809048
1 -0.787688 -0.576030  0.131852  0.854279
2 -0.507432  0.199703 -0.555510  0.207426
3 -0.089487  0.990414 -0.901379 -0.778399
Similarity Matrix for file 4:
          0         1         2         3
0  0.000701  0.036231  0.346517  0.281045
1  0.000000  0.014655  0.032188  0.036974
2  0.000000  0.003390  0.000007  0.000000
3  0.002136  0.037778  0.351310  0.281096

Overall Similarity for file 4: 0.3560068973804823

Centroid Euclidean Distance Matrix for file 4:
           0          1          2          3
0   1.918429   1.441557   1.216580   1.217763
1   5.930033   5.755170   5.685262   5.651798
2  81.346644  80.567815  81.304694  81.320893
3   0.529543   1.370883   1.190583   1.202076

Centroid Pearson Correlation Matrix for file 4:
          0         1         2         3
0 -0.794167  0.372822  0.105207 -0.780124
1  0.075277  0.211813 -0.502810  0.197753
2 -0.755183  0.994537 -0.899347 -0.750233
3  0.896739 -0.543239  0.118574  0.827283
Similarity Matrix for file 5:
          0         1         2         3
0  0.003933  0.040282  0.296844  0.252656
1  0.003176  0.038678  0.391155  0.306827
2  0.000000  0.003390  0.000000  0.000000
3  0.000000  0.014985  0.033459  0.036777

Overall Similarity for file 5: 0.35554056502031295

Centroid Euclidean Distance Matrix for file 5:
           0          1          2          3
0   1.166157   1.458397   1.304915   1.279924
1   1.069211   1.215376   0.917150   0.951275
2  80.063411  79.279684  80.035472  80.043488
3   5.878161   5.749101   5.671215   5.647112

Centroid Pearson Correlation Matrix for file 5:
          0         1         2         3
0 -0.064800 -0.546005 -0.030445  0.891542
1  0.272379  0.340417  0.298285 -0.821577
2 -0.796251  0.994075 -0.830807 -0.771212
3 -0.488409  0.219567 -0.618712  0.241296
Similarity Matrix for file 6:
          0         1         2         3
0  0.004432  0.040809  0.300457  0.257289
1  0.004014  0.041051  0.315764  0.264594
2  0.000000  0.023793  0.116558  0.111995
3  0.000297  0.015119  0.033419  0.036730

Overall Similarity for file 6: 0.3915801743421181

Centroid Euclidean Distance Matrix for file 6:
          0         1         2         3
0  1.150680  1.469920  1.291568  1.286864
1  1.240750  1.424523  1.220761  1.237336
2  2.535098  2.453329  2.315398  2.311140
3  5.833208  5.719751  5.637766  5.614089

Centroid Pearson Correlation Matrix for file 6:
          0         1         2         3
0  0.797597  0.311246 -0.245297 -0.463264
1 -0.319788 -0.732207  0.663836  0.805676
2 -0.612358  0.203628 -0.104862 -0.276728
3 -0.568627  0.195779 -0.392113  0.174841
Similarity Matrix for file 7:
          0         1         2         3
0  0.005190  0.042242  0.297371  0.250931
1  0.000000  0.024028  0.122471  0.113511
2  0.000488  0.015609  0.035206  0.037850
3  0.008330  0.043944  0.310528  0.269339

Overall Similarity for file 7: 0.39426012656331544

Centroid Euclidean Distance Matrix for file 7:
          0         1         2         3
0  1.553477  1.457527  1.244392  1.262428
1  2.589454  2.422142  2.264589  2.273044
2  5.746013  5.637509  5.552992  5.533192
3  0.713894  1.330406  1.169953  1.155235

Centroid Pearson Correlation Matrix for file 7:
          0         1         2         3
0 -0.218088  0.283934 -0.005884 -0.532835
1 -0.475121  0.195245 -0.064889 -0.259681
2 -0.028200  0.212614 -0.605727  0.246734
3  0.775484 -0.730315  0.442339  0.873840
Similarity Matrix for file 8:
          0         1         2         3
0  0.009937  0.043803  0.357021  0.303318
1  0.005949  0.041603  0.323748  0.263254
2  0.000000  0.003391  0.000000  0.000000
3  0.001031  0.015195  0.033995  0.036259

Overall Similarity for file 8: 0.35962580870364674

Centroid Euclidean Distance Matrix for file 8:
           0          1          2          3
0   0.716679   1.221522   1.037501   1.009118
1   1.577529   1.438035   1.193910   1.229932
2  77.304398  76.540605  77.281484  77.282044
3   5.852679   5.757119   5.672735   5.654067

Centroid Pearson Correlation Matrix for file 8:
          0         1         2         3
0  0.862271  0.432652 -0.611410 -0.230319
1 -0.827124 -0.629029  0.845963  0.261158
2 -0.085767  0.982861 -0.834692 -0.899674
3 -0.403659  0.181365 -0.199072  0.077223
Similarity Matrix for file 9:
          0         1         2         3
0  0.008871  0.043079  0.261753  0.235362
1  0.005446  0.040317  0.272359  0.221703
2  0.000000  0.003390  0.000000  0.000000
3  0.007962  0.039882  0.242483  0.219060

Overall Similarity for file 9: 0.4004162634232832

Centroid Euclidean Distance Matrix for file 9:
           0          1          2          3
0   1.293252   1.658616   1.558177   1.510611
1   1.791088   1.726867   1.510076   1.563051
2  77.099247  76.339171  77.078842  77.079219
3   0.778038   0.909561   0.493090   0.476886

Centroid Pearson Correlation Matrix for file 9:
          0         1         2         3
0  0.285574 -0.541917 -0.047552  0.809863
1 -0.158167  0.403946  0.290762 -0.812280
2 -0.902603  0.990876 -0.736377 -0.787524
3 -0.249120  0.201554 -0.722982  0.302359
Similarity Matrix for file 10:
          0         1         2         3
0  0.007723  0.037544  0.334759  0.241932
1  0.008020  0.038200  0.309790  0.233939
2  0.000000  0.003392  0.000000  0.000000
3  0.000000  0.017677  0.168304  0.105953

Overall Similarity for file 10: 0.37680814309032196

Centroid Euclidean Distance Matrix for file 10:
           0          1          2          3
0   1.125952   1.369625   1.137293   1.116717
1   1.123238   1.422301   1.233734   1.187653
2  85.247815  84.406616  85.230017  85.227618
3   2.369625   2.320817   2.007916   2.105281

Centroid Pearson Correlation Matrix for file 10:
          0         1         2         3
0 -0.206371 -0.795442  0.621626  0.168942
1  0.720163  0.466563 -0.941477  0.588778
2 -0.332755  0.973571 -0.432615 -0.570441
3 -0.770798  0.093084  0.700087 -0.942187
Similarity Matrix for file 11:
          0         1         2         3
0  0.006183  0.036889  0.284970  0.217851
1  0.000606  0.013300  0.038388  0.034924
2  0.007103  0.037682  0.339492  0.246522
3  0.000000  0.017992  0.162033  0.103092

Overall Similarity for file 11: 0.38675659094755704

Centroid Euclidean Distance Matrix for file 11:
          0         1         2         3
0  1.327150  1.507409  1.301889  1.272140
1  5.715919  5.631593  5.510553  5.518920
2  0.858144  1.301291  1.095899  1.058796
3  2.403495  2.314614  2.032959  2.124616

Centroid Pearson Correlation Matrix for file 11:
          0         1         2         3
0 -0.357429 -0.772159  0.648240  0.214545
1 -0.374845  0.193722 -0.215731  0.061139
2  0.880893  0.321940 -0.770925  0.450069
3 -0.749150  0.110436  0.689142 -0.909739
Similarity Matrix for file 12:
          0         1         2         3
0  0.004126  0.034156  0.342463  0.235996
1  0.004351  0.034542  0.323500  0.225334
2  0.000000  0.017059  0.158077  0.103268
3  0.000000  0.003400  0.000000  0.000000

Overall Similarity for file 12: 0.3715676626096592

Centroid Euclidean Distance Matrix for file 12:
           0          1          2          3
0   1.208671   1.441903   1.196459   1.172364
1   1.157566   1.480939   1.276086   1.248795
2   2.453009   2.371590   2.079913   2.161090
3  88.366929  87.495393  88.343268  88.343102

Centroid Pearson Correlation Matrix for file 12:
          0         1         2         3
0 -0.309304 -0.521457  0.376944  0.254582
1  0.754740  0.334811 -0.719717  0.384301
2 -0.769855  0.129214  0.654286 -0.922150
3 -0.437135  0.981400 -0.515558 -0.644988
Similarity Matrix for file 13:
          0         1         2         3
0  0.004001  0.034344  0.315323  0.224262
1  0.003808  0.034828  0.321980  0.236972
2  0.000000  0.017579  0.154470  0.101258
3  0.000227  0.013091  0.038650  0.035580

Overall Similarity for file 13: 0.3840928177177868

Centroid Euclidean Distance Matrix for file 13:
          0         1         2         3
0  1.162236  1.522904  1.303627  1.300324
1  1.220030  1.459547  1.259103  1.209937
2  2.410847  2.358217  2.091471  2.171929
3  5.654254  5.558883  5.434796  5.440757

Centroid Pearson Correlation Matrix for file 13:
          0         1         2         3
0  0.797390  0.330262 -0.641409  0.172605
1 -0.245938 -0.753028  0.528296  0.459105
2 -0.694148  0.137494  0.684157 -0.830320
3 -0.467783  0.196082 -0.353934  0.130940
Similarity Matrix for file 14:
          0         1         2         3
0  0.001977  0.029727  0.375839  0.229333
1  0.000072  0.012495  0.037758  0.035122
2  0.002202  0.029808  0.389673  0.240155
3  0.000000  0.003390  0.000004  0.000000

Overall Similarity for file 14: 0.3468884771777185

Centroid Euclidean Distance Matrix for file 14:
           0          1          2          3
0   1.252405   1.422493   1.123334   1.135508
1   5.728011   5.628355   5.511175   5.512401
2   0.991673   1.366762   1.067810   1.055809
3  91.436159  90.532538  91.410484  91.411836

Centroid Pearson Correlation Matrix for file 14:
          0         1         2         3
0 -0.598673 -0.605496  0.882203 -0.216661
1 -0.429545  0.201361 -0.229477  0.018950
2  0.707146  0.412923 -0.645278  0.190833
3 -0.338251  0.986258 -0.633178 -0.658800
Similarity Matrix for file 15:
          0         1         2         3
0  0.001018  0.028471  0.393842  0.229736
1  0.000000  0.012206  0.036730  0.035232
2  0.000901  0.027800  0.382202  0.226935
3  0.000000  0.003390  0.000004  0.000000

Overall Similarity for file 15: 0.34461659234652164

Centroid Euclidean Distance Matrix for file 15:
           0          1          2          3
0   1.036998   1.452304   1.184701   1.185781
1   5.752530   5.638296   5.521316   5.516669
2   1.384335   1.518075   1.227463   1.228377
3  93.957765  93.050107  93.931382  93.935074

Centroid Pearson Correlation Matrix for file 15:
          0         1         2         3
0  0.790916  0.428644 -0.534695 -0.108062
1 -0.598408  0.191632 -0.328810  0.106846
2 -0.636392 -0.599446  0.779130  0.092801
3 -0.256002  0.986458 -0.788096 -0.811151
Similarity Matrix for file 16:
          0         1         2         3
0  0.000000  0.011945  0.035202  0.034339
1  0.000863  0.027591  0.390436  0.225543
2  0.000543  0.027206  0.390451  0.226221
3  0.000000  0.003390  0.000004  0.000000

Overall Similarity for file 16: 0.34343386544189064

Centroid Euclidean Distance Matrix for file 16:
           0          1          2          3
0   5.922633   5.760013   5.654533   5.646798
1   0.691603   1.384645   1.099400   1.103149
2   1.538649   1.416189   1.101893   1.101461
3  95.391412  94.483303  95.361572  95.367370

Centroid Pearson Correlation Matrix for file 16:
          0         1         2         3
0 -0.221561  0.215365 -0.382910  0.107669
1  0.680259 -0.566098  0.730504  0.107867
2 -0.478310  0.378789 -0.453315 -0.122179
3 -0.786637  0.992066 -0.837049 -0.829857
Similarity Matrix for file 17:
          0         1         2         3
0  0.000018  0.017996  0.162987  0.113469
1  0.002422  0.031963  0.309528  0.216812
2  0.000000  0.003390  0.000005  0.000000
3  0.001789  0.030606  0.363763  0.224118

Overall Similarity for file 17: 0.3697164551479829

Centroid Euclidean Distance Matrix for file 17:
           0          1          2          3
0   2.324901   2.261595   1.960501   2.015399
1   1.069372   1.526344   1.344881   1.284876
2  91.111826  90.210937  91.089019  91.090722
3   1.246833   1.425772   1.114921   1.139894

Centroid Pearson Correlation Matrix for file 17:
          0         1         2         3
0 -0.773562  0.366041 -0.028258 -0.463599
1  0.342067 -0.670396  0.356688  0.622935
2 -0.855714  0.991525 -0.615405 -0.839071
3  0.200055  0.248593 -0.221537 -0.165108
Similarity Matrix for file 18:
          0         1         2         3
0  0.005528  0.033903  0.314084  0.212569
1  0.000000  0.017268  0.149546  0.100235
2  0.003080  0.032783  0.339706  0.227388
3  0.000072  0.012799  0.038385  0.036030

Overall Similarity for file 18: 0.3808436713685921

Centroid Euclidean Distance Matrix for file 18:
          0         1         2         3
0  0.777171  1.527813  1.323594  1.319144
1  2.461130  2.373995  2.117015  2.182455
2  1.606766  1.475250  1.228765  1.193056
3  5.686055  5.563257  5.436692  5.437236

Centroid Pearson Correlation Matrix for file 18:
          0         1         2         3
0  0.851350 -0.726481  0.716444  0.079997
1 -0.244627  0.156072  0.541449 -0.922577
2 -0.377506  0.299909 -0.710190  0.511268
3 -0.074306  0.199658 -0.237905  0.019741
Similarity Matrix for file 19:
          0         1         2         3
0  0.000000  0.017560  0.157016  0.102067
1  0.005371  0.035522  0.324335  0.233004
2  0.005088  0.035423  0.312435  0.221775
3  0.000073  0.013035  0.039591  0.036610

Overall Similarity for file 19: 0.3847265529743399

Centroid Euclidean Distance Matrix for file 19:
          0         1         2         3
0  2.440140  2.335266  2.061101  2.142385
1  0.985005  1.362841  1.152458  1.100138
2  1.155822  1.438300  1.198453  1.193592
3  5.645109  5.537557  5.411514  5.414768

Centroid Pearson Correlation Matrix for file 19:
          0         1         2         3
0 -0.754289  0.137204  0.666575 -0.844718
1  0.019524 -0.777372  0.520199  0.499270
2  0.678320  0.310233 -0.616941  0.186356
3 -0.369473  0.199595 -0.390920  0.178764
Similarity Matrix for file 20:
          0         1         2         3
0  0.004231  0.032412  0.386579  0.229633
1  0.005387  0.034417  0.370727  0.244195
2  0.000294  0.013068  0.039243  0.036651
3  0.000000  0.003390  0.000000  0.000000

Overall Similarity for file 20: 0.35005676279450904

Centroid Euclidean Distance Matrix for file 20:
           0          1          2          3
0   1.344927   1.504939   1.190724   1.247234
1   1.126166   1.429120   1.227111   1.170869
2   5.605989   5.516433   5.386283   5.386843
3  88.148586  87.279308  88.129675  88.126699

Centroid Pearson Correlation Matrix for file 20:
          0         1         2         3
0 -0.612365 -0.649428  0.938782 -0.564625
1  0.704015  0.476818 -0.774252  0.520766
2 -0.411291  0.172620 -0.079599 -0.056358
3 -0.317310  0.974699 -0.538377 -0.364977
