Considering all features:

Similarity Matrix for file 1:
          0         1         2         3         4
0  0.077883  0.000000  0.156124  0.174720  0.164988
1  0.145195  0.000000  0.226360  0.184423  0.178182
2  0.000000  0.972222  0.000000  0.000000  0.000000
3  0.009889  0.021122  0.032205  0.030307  0.030758
4  0.024056  0.000000  0.175979  0.188955  0.190731

Overall Similarity for file 1: 0.5968198063209009

Centroid Euclidean Distance Matrix for file 1:
           0          1          2         3          4
0   8.282655   8.991159   3.385137  3.064419   3.447442
1   7.704414   8.373187   3.090078  2.971519   3.378215
2  11.086929   0.284400   8.551175  8.240315   8.541236
3  13.172779  12.537963  10.055864  9.992483  10.104040
4   9.462233   8.382796   2.894748  2.310742   2.644498

Centroid Pearson Correlation Matrix for file 1:
          0         1         2         3         4
0  0.114226 -0.396314  0.105632  0.157463  0.104568
1  0.265418 -0.238871  0.079108 -0.107424 -0.059830
2  0.003140  0.999271 -0.452028 -0.450818 -0.406362
3 -0.035667 -0.030066  0.030954  0.042656  0.018924
4 -0.494694 -0.229186  0.218772  0.422553  0.378632
Similarity Matrix for file 2:
          0    1         2         3         4
0  0.000000  0.0  0.241263  0.220548  0.130974
1  0.000000  0.0  0.130140  0.204652  0.170922
2  0.000000  1.0  0.000000  0.000000  0.000000
3  0.239258  0.0  0.140491  0.059534  0.166156
4  0.000000  0.0  0.151097  0.198555  0.132545

Overall Similarity for file 2: 0.6372269408022355

Centroid Euclidean Distance Matrix for file 2:
           0          1         2         3         4
0   7.560942   9.559157  3.544782  3.723391  4.362034
1   7.699985  10.769240  3.746443  3.056082  3.451806
2  11.686621   0.000000  9.786591  9.647694  9.930235
3   4.027628  10.486813  4.250656  4.538545  4.187307
4   8.337712  10.372891  3.656842  2.911926  3.388575

Centroid Pearson Correlation Matrix for file 2:
          0         1         2         3         4
0 -0.101542  0.052720  0.211697 -0.007000 -0.205564
1 -0.187447 -0.392648 -0.030058  0.385176  0.226693
2 -0.091789  1.000000 -0.313597 -0.351444 -0.308763
3  0.808473 -0.115030 -0.035095 -0.526381  0.060117
4 -0.469191 -0.253012 -0.018034  0.428620  0.220134
Similarity Matrix for file 3:
          0    1         2         3         4
0  0.000000  0.0  0.227534  0.222412  0.138576
1  0.000000  0.0  0.152818  0.232991  0.223513
2  0.000000  0.0  0.074660  0.129924  0.126866
3  0.000000  1.0  0.000000  0.000000  0.000000
4  0.141526  0.0  0.179299  0.089217  0.134049

Overall Similarity for file 3: 0.6146768671716766

Centroid Euclidean Distance Matrix for file 3:
           0          1          2          3          4
0   8.394095  10.978770   3.586618   3.671642   4.369662
1   8.805207  11.820449   3.675179   2.841922   2.917932
2   9.233845  12.107814   4.621590   3.876982   3.937952
3  13.481411   0.000000  11.187618  11.047795  11.339345
4   5.551873  11.812453   3.894738   4.222515   4.293235

Centroid Pearson Correlation Matrix for file 3:
          0         1         2         3         4
0 -0.058078  0.055154  0.216519  0.025757 -0.250349
1 -0.321095 -0.309897 -0.163990  0.292222  0.327689
2 -0.243454 -0.224777 -0.162637  0.250748  0.258591
3 -0.069820  1.000000 -0.223662 -0.296494 -0.301758
4  0.709885 -0.085537  0.139447 -0.424773 -0.072580
Similarity Matrix for file 4:
          0         1         2         3         4
0  0.000000  0.114489  0.211473  0.208793  0.123593
1  0.000000  0.000000  0.147081  0.210047  0.192195
2  0.020342  0.000000  0.136285  0.046531  0.067526
3  0.242021  0.000000  0.082744  0.049943  0.080585
4  0.000000  0.000000  0.085383  0.170604  0.187372

Overall Similarity for file 4: 0.475401195451224

Centroid Euclidean Distance Matrix for file 4:
          0          1         2         3         4
0  8.312075   9.784799  3.650714  3.693021  4.449179
1  9.053151  11.751826  3.689958  2.791390  2.828740
2  7.107776  11.996489  4.132469  4.543449  4.535668
3  4.711157  12.056530  4.634684  5.012812  5.185908
4  8.580627  12.074159  3.985037  3.093562  3.099577

Centroid Pearson Correlation Matrix for file 4:
          0         1         2         3         4
0 -0.046435  0.406717  0.133314 -0.080916 -0.361152
1 -0.443630 -0.248835 -0.197877  0.289388  0.360149
2  0.337423 -0.088487  0.189346 -0.358521 -0.009230
3  0.807444 -0.049944  0.135895 -0.383283 -0.156912
4 -0.175700 -0.353335 -0.215751  0.294353  0.344583
Similarity Matrix for file 5:
          0         1         2         3         4
0  0.000000  0.000000  0.125260  0.222472  0.226344
1  0.009532  0.000000  0.131767  0.075707  0.157187
2  0.440110  0.000000  0.059092  0.029305  0.025335
3  0.000000  0.121993  0.217233  0.204593  0.118304
4  0.000000  0.000000  0.133116  0.150496  0.103155

Overall Similarity for file 5: 0.5102001843173664

Centroid Euclidean Distance Matrix for file 5:
          0          1         2         3         4
0  8.456561  11.666429  3.871380  2.962999  2.963389
1  6.319862  11.471189  3.854547  4.057850  3.823790
2  3.208685  12.220732  5.356741  5.547082  5.723568
3  8.111041   9.451362  3.673105  3.740713  4.481763
4  8.623722  11.861162  4.026676  3.603610  4.044627

Centroid Pearson Correlation Matrix for file 5:
          0         1         2         3         4
0 -0.314217 -0.299634 -0.223563  0.321770  0.385526
1  0.421511 -0.060641  0.050125 -0.462995  0.128939
2  0.905285 -0.096612  0.026922 -0.324663 -0.147083
3 -0.108459  0.419557  0.117784 -0.091185 -0.337816
4 -0.234878 -0.259746  0.044089  0.265798  0.082813
Similarity Matrix for file 6:
          0         1         2         3         4
0  0.000000  0.000000  0.167837  0.149553  0.080071
1  0.000000  0.000000  0.146952  0.214245  0.138158
2  0.166195  0.000000  0.176298  0.085175  0.147435
3  0.000000  0.025441  0.100389  0.101189  0.101667
4  0.000000  0.143656  0.097587  0.167360  0.183493

Overall Similarity for file 6: 0.4785400970606813

Centroid Euclidean Distance Matrix for file 6:
          0          1         2         3         4
0  8.320423  10.819000  3.289155  3.198986  3.993720
1  8.542108  10.904477  3.185271  2.512738  3.220154
2  4.974787  11.642242  4.371387  4.804292  4.590302
3  9.321336  11.187445  4.788248  4.491939  4.763432
4  8.508789   9.303510  3.772795  3.040160  3.244691

Centroid Pearson Correlation Matrix for file 6:
          0         1         2         3         4
0 -0.162005 -0.087265  0.217655  0.182839 -0.207176
1 -0.364595 -0.200162  0.022032  0.392330  0.029858
2  0.751035 -0.108919  0.093405 -0.517804 -0.008459
3 -0.239475 -0.036594  0.012326  0.124691  0.046447
4 -0.302315  0.398471 -0.303717  0.065586  0.101970
Similarity Matrix for file 7:
          0    1         2         3         4
0  0.000000  0.0  0.153088  0.190137  0.134560
1  0.000000  1.0  0.000000  0.000000  0.000000
2  0.000000  0.0  0.210234  0.193512  0.116033
3  0.027434  0.0  0.153628  0.168173  0.223980
4  0.147925  0.0  0.134141  0.130506  0.147805

Overall Similarity for file 7: 0.6262313562743997

Centroid Euclidean Distance Matrix for file 7:
           0          1          2          3          4
0   8.375017  10.731854   3.554570   3.128279   3.707405
1  12.719606   0.000000  10.531225  10.298487  10.561214
2   8.275570  10.710731   3.108848   2.994940   3.743231
3   6.930241  10.813267   3.323446   2.913117   2.709018
4   5.831295  10.775133   3.439122   3.398370   3.481629

Centroid Pearson Correlation Matrix for file 7:
          0         1         2         3         4
0 -0.279857 -0.133756  0.067302  0.271228  0.001572
1 -0.099988  1.000000 -0.281340 -0.269898 -0.271869
2 -0.286463 -0.154519  0.242038  0.233873 -0.129531
3  0.136477 -0.196556 -0.140465 -0.101723  0.300416
4  0.525619 -0.123424 -0.008208 -0.259023 -0.001852
Similarity Matrix for file 8:
          0         1         2         3         4
0  0.000000  0.000000  0.107628  0.186711  0.192021
1  0.000000  0.025950  0.104120  0.101948  0.103900
2  0.195338  0.000000  0.152159  0.094065  0.165102
3  0.000000  0.100251  0.229137  0.251164  0.125103
4  0.006365  0.015246  0.038780  0.034651  0.029979

Overall Similarity for file 8: 0.4519239645770036

Centroid Euclidean Distance Matrix for file 8:
           0          1         2         3         4
0   8.128727  10.522421  3.667267  2.947531  3.169498
1   8.895909  10.831949  4.649895  4.406225  4.724711
2   4.491655  11.235275  4.466814  4.623466  4.305203
3   7.822840   9.276340  2.564959  2.170063  3.217044
4  11.866806  13.642431  9.414506  9.354764  9.569490

Centroid Pearson Correlation Matrix for file 8:
          0         1         2         3         4
0 -0.302290 -0.133906 -0.130963  0.260661  0.236326
1 -0.255757 -0.043535  0.049659  0.132889  0.041498
2  0.772558 -0.121698 -0.054002 -0.509268  0.068468
3 -0.427616  0.299256  0.115972  0.249198 -0.296350
4 -0.061216 -0.040712  0.046162  0.056244 -0.018894
Similarity Matrix for file 9:
          0    1         2         3         4
0  0.000000  0.0  0.163531  0.268535  0.221194
1  0.000000  0.0  0.102665  0.099869  0.073765
2  0.000000  0.0  0.218886  0.193431  0.129567
3  0.000000  1.0  0.000000  0.000000  0.000000
4  0.199381  0.0  0.152407  0.101593  0.163178

Overall Similarity for file 9: 0.6176007164432191

Centroid Euclidean Distance Matrix for file 9:
           0          1          2          3          4
0   7.897853  10.437073   2.987124   2.161756   2.685698
1   8.483945  10.871997   4.161439   3.930468   4.430413
2   7.836739  10.348687   3.021428   2.937125   3.643616
3  12.393132   0.000000  10.353799  10.122901  10.406440
4   4.342989  11.183613   4.435284   4.537197   4.312260

Centroid Pearson Correlation Matrix for file 9:
          0         1         2         3         4
0 -0.460071 -0.225183 -0.043729  0.419457  0.212434
1 -0.233739 -0.170541  0.118451  0.239403 -0.010158
2 -0.269197 -0.092443  0.229683  0.173755 -0.120090
3 -0.105692  1.000000 -0.283196 -0.273373 -0.275709
4  0.779843 -0.125214 -0.065039 -0.488452  0.044064
Similarity Matrix for file 10:
          0         1         2         3         4
0  0.000000  0.098372  0.123672  0.232876  0.228708
1  0.987476  0.000000  0.000000  0.000000  0.000000
2  0.005973  0.014326  0.047809  0.039975  0.032449
3  0.000000  0.000000  0.211112  0.190802  0.158046
4  0.000000  0.000000  0.233899  0.181899  0.156249

Overall Similarity for file 10: 0.5887285816771023

Centroid Euclidean Distance Matrix for file 10:
           0          1         2         3         4
0   8.089454  10.899327  3.557729  2.586677  2.775629
1   0.115145  13.382633  7.190546  6.986176  7.269741
2  11.279660  14.123039  8.668023  8.621882  8.846134
3   7.782992  11.255539  3.704969  3.863344  4.385180
4   6.610413  12.054147  3.135481  3.079456  3.359176

Centroid Pearson Correlation Matrix for file 10:
          0         1         2         3         4
0 -0.395288  0.107818 -0.318020  0.256008  0.254658
1  0.999854 -0.072255 -0.136722 -0.185805 -0.160619
2 -0.065166 -0.046140  0.062248  0.051501 -0.032179
3 -0.047168  0.089693  0.200908 -0.081227 -0.191466
4  0.233711 -0.206513  0.129775 -0.162607  0.022522
Similarity Matrix for file 11:
          0    1         2         3         4
0  0.000000  1.0  0.000000  0.000000  0.000000
1  0.000000  0.0  0.136527  0.252259  0.255261
2  0.343865  0.0  0.062245  0.042846  0.065795
3  0.000000  0.0  0.207298  0.185038  0.133918
4  0.000000  0.0  0.216525  0.180562  0.154492

Overall Similarity for file 11: 0.6473261182167833

Centroid Euclidean Distance Matrix for file 11:
           0          1          2          3          4
0  13.609730   0.000000  11.651325  11.514088  11.777867
1   8.453914  12.194063   3.714309   2.732527   2.798704
2   4.165026  12.307739   4.507277   4.545038   4.786982
3   8.277789  11.398172   3.993140   4.130456   4.644176
4   7.084285  12.211817   3.237726   3.131457   3.435711

Centroid Pearson Correlation Matrix for file 11:
          0         1         2         3         4
0 -0.071215  1.000000 -0.209540 -0.291497 -0.293013
1 -0.363404 -0.316261 -0.215077  0.365102  0.358921
2  0.853526 -0.058880  0.014057 -0.313509 -0.139438
3 -0.077183  0.087377  0.198940 -0.041223 -0.198128
4  0.155864 -0.202261  0.123866 -0.100705  0.022831
Similarity Matrix for file 12:
          0    1         2         3         4
0  0.000000  0.0  0.208737  0.180384  0.114979
1  0.117584  0.0  0.151176  0.152849  0.148523
2  0.003505  0.0  0.182298  0.188321  0.184203
3  0.000000  0.0  0.092800  0.179790  0.182354
4  0.000000  1.0  0.000000  0.000000  0.000000

Overall Similarity for file 12: 0.6175006693720864

Centroid Euclidean Distance Matrix for file 12:
           0          1          2          3          4
0   8.397345  11.747324   4.035352   4.272086   4.843718
1   6.265618  12.699772   3.561789   3.310450   3.482943
2   8.028033  12.224125   2.890082   2.418182   2.754543
3   8.993028  12.729907   4.358074   3.467500   3.535499
4  14.047223   0.000000  12.005298  11.891692  12.160400

Centroid Pearson Correlation Matrix for file 12:
          0         1         2         3         4
0 -0.019332  0.098504  0.235795 -0.071921 -0.245630
1  0.510804 -0.250489 -0.016807 -0.109334  0.059387
2 -0.219972 -0.180400  0.016414  0.082740  0.143749
3 -0.288346 -0.239250 -0.206711  0.289921  0.288571
4 -0.060765  1.000000 -0.190270 -0.288744 -0.286007
Similarity Matrix for file 13:
          0         1         2         3         4
0  0.000000  0.000000  0.091476  0.139928  0.127396
1  0.000000  0.121465  0.185205  0.166139  0.117036
2  0.100136  0.000000  0.220251  0.143723  0.150053
3  0.000000  0.000000  0.102459  0.210997  0.219315
4  0.005313  0.013091  0.042754  0.036919  0.030534

Overall Similarity for file 13: 0.4448380337222611

Centroid Euclidean Distance Matrix for file 13:
           0          1         2         3         4
0   8.569115  12.714975  4.077828  3.467305  3.646570
1   8.448070  10.327610  4.143950  4.241806  4.770450
2   6.264566  12.434356  3.052783  3.121073  3.433010
3   8.771737  12.580560  3.884994  2.886286  2.905564
4  11.919810  14.744251  9.065750  8.994607  9.195722

Centroid Pearson Correlation Matrix for file 13:
          0         1         2         3         4
0 -0.162764 -0.213451 -0.090583  0.185547  0.179403
1 -0.045545  0.441026  0.109029 -0.158412 -0.292374
2  0.558064 -0.157846  0.148456 -0.277035 -0.072680
3 -0.336728 -0.283759 -0.252816  0.332560  0.360034
4 -0.060990 -0.044418  0.049901  0.052503 -0.029474
Similarity Matrix for file 14:
          0         1         2         3         4
0  0.084450  0.000000  0.210185  0.140819  0.168013
1  0.000000  0.117014  0.176077  0.162207  0.113487
2  0.004784  0.012537  0.041575  0.035866  0.030404
3  0.000000  0.000000  0.107361  0.185692  0.158842
4  0.000000  0.000000  0.116719  0.187192  0.165201

Overall Similarity for file 14: 0.44368516918416817

Centroid Euclidean Distance Matrix for file 14:
           0          1         2         3         4
0   6.864902  12.974052  2.817454  2.820726  3.095657
1   8.951661  10.807803  4.847003  5.151130  5.592739
2  12.192002  15.448719  9.153327  9.092083  9.288194
3   9.338896  13.834843  4.462450  3.630083  3.802993
4   9.270602  13.801894  4.319603  3.538267  3.703285

Centroid Pearson Correlation Matrix for file 14:
          0         1         2         3         4
0  0.524286 -0.117521  0.125233 -0.287887 -0.028097
1  0.033872  0.475487  0.136874 -0.258269 -0.295365
2 -0.045716 -0.046413  0.044033  0.040327 -0.024485
3 -0.223343 -0.301683 -0.175390  0.312125  0.243512
4 -0.223678 -0.312133 -0.152709  0.293487  0.241309
Similarity Matrix for file 15:
         0         1         2         3         4
0  0.00000  0.114786  0.179318  0.163823  0.109361
1  0.00000  0.000000  0.092089  0.084802  0.096073
2  0.00000  0.000000  0.093565  0.173095  0.164726
3  0.00000  0.000000  0.084046  0.170938  0.160903
4  0.07938  0.000000  0.208352  0.133481  0.156165

Overall Similarity for file 15: 0.4529804622371206

Centroid Euclidean Distance Matrix for file 15:
           0          1         2         3         4
0   9.289640  11.120965  4.888517  5.247717  5.804525
1  10.121369  14.448950  5.169312  4.706151  4.719545
2   9.659129  14.085540  4.393400  3.493216  3.523823
3   9.719949  14.111441  4.526283  3.576254  3.593308
4   7.328102  13.307787  2.825095  2.851899  3.179608

Centroid Pearson Correlation Matrix for file 15:
          0         1         2         3         4
0  0.066401  0.476024  0.199152 -0.221766 -0.371382
1 -0.170824 -0.227828 -0.065215  0.116540  0.185480
2 -0.220187 -0.305252 -0.215088  0.270304  0.292991
3 -0.221097 -0.297102 -0.241116  0.284180  0.303868
4  0.517817 -0.097069  0.170289 -0.280749 -0.077671
Similarity Matrix for file 16:
          0         1         2         3         4
0  0.003177  0.011986  0.039642  0.033448  0.029913
1  0.084100  0.000000  0.213057  0.112651  0.145681
2  0.000000  0.114815  0.179444  0.158196  0.098036
3  0.000000  0.000000  0.091947  0.150156  0.145561
4  0.000000  0.000000  0.119608  0.250652  0.229436

Overall Similarity for file 16: 0.4423013001851365

Centroid Euclidean Distance Matrix for file 16:
           0          1         2         3         4
0  12.676950  15.954777  9.407044  9.338916  9.506363
1   7.217852  13.423980  2.797199  2.948757  3.251680
2   9.170329  11.251268  4.868032  5.321992  5.893803
3   9.594862  14.155653  4.394780  3.494338  3.553078
4   9.444910  14.067666  3.909358  2.758053  2.790596

Centroid Pearson Correlation Matrix for file 16:
          0         1         2         3         4
0 -0.047332 -0.039886  0.043124  0.028441 -0.021576
1  0.549347 -0.083814  0.213378 -0.324393 -0.100103
2  0.090794  0.478676  0.233909 -0.250649 -0.387664
3 -0.212023 -0.267212 -0.216941  0.246414  0.276801
4 -0.293195 -0.369674 -0.301271  0.344689  0.381414
Similarity Matrix for file 17:
          0    1         2         3         4
0  0.000000  1.0  0.000000  0.000000  0.000000
1  0.081052  0.0  0.218871  0.152027  0.166356
2  0.000000  0.0  0.192528  0.171720  0.108989
3  0.000000  0.0  0.153458  0.284156  0.263121
4  0.004052  0.0  0.043394  0.037202  0.030927

Overall Similarity for file 17: 0.581570649476164

Centroid Euclidean Distance Matrix for file 17:
           0          1          2          3          4
0  14.647260   0.000000  12.663474  12.641361  12.934565
1   6.829218  12.910458   2.748240   2.722461   3.063639
2   8.698670  12.218044   4.709353   5.098784   5.679880
3   8.928869  13.585595   3.780577   2.733358   2.761557
4  12.047696  15.558529   9.005797   8.946071   9.149773

Centroid Pearson Correlation Matrix for file 17:
          0         1         2         3         4
0 -0.029923  1.000000 -0.157218 -0.305783 -0.304149
1  0.500552 -0.122252  0.133386 -0.267668 -0.041164
2  0.073225  0.196389  0.250340 -0.149125 -0.304062
3 -0.311305 -0.400784 -0.262102  0.358524  0.394743
4 -0.055146 -0.078634  0.056166  0.054492 -0.019945
Similarity Matrix for file 18:
          0         1         2         3         4
0  0.000000  0.000000  0.100621  0.171396  0.161973
1  0.090057  0.000000  0.215315  0.158301  0.166304
2  0.000000  0.125276  0.179990  0.163260  0.102394
3  0.000000  0.000000  0.106918  0.173168  0.181270
4  0.005127  0.012799  0.042865  0.036847  0.030334

Overall Similarity for file 18: 0.4448430592804596

Centroid Euclidean Distance Matrix for file 18:
           0          1         2         3         4
0   9.178262  12.933704  4.245950  3.496645  3.648523
1   6.516207  12.646595  3.141175  3.172986  3.419015
2   8.664668  10.453657  4.283788  4.375413  4.964804
3   9.112939  12.906972  4.128199  3.397551  3.470403
4  12.052362  14.916614  9.049719  8.991429  9.207755

Centroid Pearson Correlation Matrix for file 18:
          0         1         2         3         4
0 -0.271978 -0.227303 -0.148360  0.267633  0.230247
1  0.539718 -0.148784  0.110697 -0.283796 -0.028808
2 -0.026009  0.456613  0.102589 -0.143665 -0.308910
3 -0.278247 -0.239445 -0.151963  0.239875  0.263694
4 -0.057515 -0.043629  0.052761  0.049258 -0.033043
Similarity Matrix for file 19:
          0         1         2         3         4
0  0.000000  0.000000  0.090524  0.082503  0.042313
1  0.000000  0.109956  0.194239  0.181994  0.145028
2  0.000000  0.000000  0.130665  0.166108  0.192109
3  0.000000  0.000000  0.112396  0.169001  0.175234
4  0.171258  0.000000  0.137261  0.111134  0.092837

Overall Similarity for file 19: 0.460912364465936

Centroid Euclidean Distance Matrix for file 19:
          0          1         2         3         4
0  8.697308  12.619789  3.770134  3.714952  4.334858
1  8.210527  10.349145  3.898310  3.945794  4.502479
2  8.287806  12.335057  3.457225  2.767209  2.837707
3  8.933854  12.635409  4.183652  3.525924  3.609518
4  5.579234  12.702601  4.013992  3.935958  4.154109

Centroid Pearson Correlation Matrix for file 19:
          0         1         2         3         4
0 -0.177714 -0.179351  0.209164  0.143343 -0.103852
1 -0.029491  0.426380  0.085750 -0.156866 -0.271623
2 -0.228094 -0.226329 -0.136560  0.155809  0.289059
3 -0.274888 -0.241901 -0.117888  0.234459  0.247642
4  0.662681 -0.173795  0.018052 -0.205548 -0.033848
Similarity Matrix for file 20:
          0    1         2         3         4
0  0.005175  0.0  0.209151  0.187219  0.147888
1  0.119574  0.0  0.127654  0.152590  0.191504
2  0.000000  1.0  0.000000  0.000000  0.000000
3  0.000000  0.0  0.147581  0.149905  0.068654
4  0.000000  0.0  0.159281  0.208374  0.194684

Overall Similarity for file 20: 0.6138467901864593

Centroid Euclidean Distance Matrix for file 20:
           0          1          2          3          4
0   7.982188  11.603409   3.792815   4.001203   4.530378
1   6.134076  12.579689   3.715268   3.232672   3.210809
2  13.860174   0.000000  11.885347  11.770662  12.051012
3   8.578360  12.557042   3.566883   3.325852   4.054539
4   8.361543  12.206152   3.235191   2.480087   2.688977

Centroid Pearson Correlation Matrix for file 20:
          0         1         2         3         4
0  0.012865  0.102563  0.203284 -0.114043 -0.204189
1  0.507361 -0.269502 -0.167376 -0.083365  0.198445
2 -0.061361  1.000000 -0.210015 -0.295117 -0.274237
3 -0.234434 -0.230209  0.173019  0.251092 -0.084190
4 -0.378400 -0.223374 -0.116693  0.232498  0.282888

--------------------------------------------------------

Considering only categorical features:

Similarity Matrix for file 1:
     0    1         2         3         4
0  0.0  0.0  0.243341  0.266883  0.257397
1  0.0  0.0  0.239118  0.195124  0.187708
2  0.0  1.0  0.000000  0.000000  0.000000
3  1.0  0.0  0.000000  0.000000  0.000000
4  0.0  0.0  0.100807  0.095647  0.098720

Overall Similarity for file 1: 0.7369490141436745

Centroid Euclidean Distance Matrix for file 1:
           0          1         2         3         4
0   9.301261   8.587424  2.541159  2.009532  2.426589
1   9.097856   8.476445  2.870692  2.822023  3.164310
2  11.072970   0.000000  8.529325  8.218287  8.519300
3   0.000000  11.072970  9.144633  8.936270  9.239599
4   9.883761   9.282203  4.272360  4.138348  4.342520

Centroid Pearson Correlation Matrix for file 1:
          0         1         2         3         4
0 -0.457613 -0.410192  0.306168  0.498584  0.398032
1 -0.246665 -0.241959  0.290475  0.193422  0.163724
2  0.004792  1.000000 -0.454501 -0.450456 -0.408544
3  1.000000  0.004792 -0.412134 -0.584353 -0.431809
4 -0.209967 -0.225689  0.194410  0.220133  0.177827
Similarity Matrix for file 2:
          0         1         2         3         4
0  0.086542  0.125734  0.218258  0.181156  0.142872
1  0.012170  0.001267  0.081829  0.077143  0.084099
2  0.031901  0.000000  0.131452  0.172649  0.158740
3  0.006707  0.017499  0.035128  0.033025  0.030937
4  0.009730  0.000000  0.165315  0.187996  0.166657

Overall Similarity for file 2: 0.4317613624957006

Centroid Euclidean Distance Matrix for file 2:
           0          1         2         3         4
0   6.392437   8.338844  3.239493  3.417083  3.885902
1   7.943835  10.740373  4.374135  4.134005  4.354881
2   6.644430  10.686014  3.701195  3.259871  3.439801
3  10.211691  11.955079  7.711798  7.631969  7.858430
4   7.890132  10.201162  3.382687  2.739708  3.024495

Centroid Pearson Correlation Matrix for file 2:
          0         1         2         3         4
0  0.193472  0.428531  0.024189 -0.331251 -0.301171
1 -0.103493 -0.228949  0.046817  0.146008  0.122595
2  0.145574 -0.356297 -0.047131  0.149806  0.186882
3 -0.030917 -0.063645  0.029575  0.063126 -0.000002
4 -0.406087 -0.236570 -0.029936  0.317030  0.264508
Similarity Matrix for file 3:
          0         1         2         3         4
0  0.000000  0.177634  0.148589  0.142483  0.092949
1  0.000000  0.000000  0.116988  0.113149  0.075053
2  0.000000  0.000000  0.162953  0.235541  0.190191
3  0.263329  0.000000  0.082534  0.051976  0.080814
4  0.000000  0.000000  0.156514  0.155637  0.209979

Overall Similarity for file 3: 0.4912624254160808

Centroid Euclidean Distance Matrix for file 3:
          0          1         2         3         4
0  8.567258   9.067344  4.052719  4.054251  4.708164
1  8.669859  11.156788  4.140590  4.199799  4.828702
2  8.804862  11.807446  3.621155  2.865027  3.145255
3  4.628679  12.006120  4.621860  4.916191  5.072299
4  7.964257  11.676632  3.503621  2.984123  2.730194

Centroid Pearson Correlation Matrix for file 3:
          0         1         2         3         4
0 -0.072258  0.549384  0.055920 -0.134255 -0.348240
1 -0.055186  0.039328  0.184905  0.037047 -0.215995
2 -0.307374 -0.306449 -0.092281  0.321979  0.227264
3  0.821492 -0.058796  0.106315 -0.378522 -0.137420
4 -0.050958 -0.240525 -0.153745 -0.023110  0.371052
Similarity Matrix for file 4:
          0    1         2         3         4
0  0.000000  0.0  0.228098  0.224156  0.132779
1  0.000000  0.0  0.172158  0.296798  0.283612
2  0.000000  0.0  0.004869  0.001937  0.000647
3  0.000000  1.0  0.000000  0.000000  0.000000
4  0.147466  0.0  0.182023  0.079921  0.123146

Overall Similarity for file 4: 0.5755219319416818

Centroid Euclidean Distance Matrix for file 4:
           0          1          2          3          4
0   8.271963  11.022510   3.562327   3.663410   4.415287
1   8.730664  11.773642   3.524831   2.528974   2.555841
2  31.280038  32.334903  30.118533  30.227618  30.333439
3  13.430250   0.000000  11.214603  11.080876  11.382588
4   5.497701  11.814457   3.877628   4.316857   4.414803

Centroid Pearson Correlation Matrix for file 4:
          0         1         2         3         4
0 -0.023758  0.054461  0.228916  0.027908 -0.277959
1 -0.369775 -0.338004 -0.235291  0.334572  0.402235
2  0.001037 -0.085478  0.091869  0.032445 -0.050573
3 -0.058046  1.000000 -0.215731 -0.293410 -0.303664
4  0.724117 -0.065202  0.187240 -0.464461 -0.106377
Similarity Matrix for file 5:
         0    1         2         3         4
0  0.00000  0.0  0.115337  0.188833  0.192029
1  0.00000  1.0  0.000000  0.000000  0.000000
2  0.16259  0.0  0.163217  0.089121  0.152387
3  0.00000  0.0  0.235319  0.220731  0.127930
4  0.00000  0.0  0.142674  0.189636  0.146388

Overall Similarity for file 5: 0.6252382631735712

Centroid Euclidean Distance Matrix for file 5:
           0          1          2          3          4
0   8.601920  11.605663   3.936934   3.053851   3.021038
1  13.025362   0.000000  10.947658  10.810738  11.114665
2   5.067033  11.532837   3.932639   4.154393   4.090019
3   8.078875  10.735943   3.572151   3.707439   4.444966
4   8.326841  11.760424   3.731070   3.143976   3.549588

Centroid Pearson Correlation Matrix for file 5:
          0         1         2         3         4
0 -0.352600 -0.271991 -0.221102  0.307648  0.388536
1 -0.072750  1.000000 -0.247423 -0.301547 -0.292209
2  0.735747 -0.082212  0.054177 -0.474797  0.002196
3 -0.085216  0.057031  0.227394  0.023380 -0.254067
4 -0.220129 -0.318550 -0.018887  0.314231  0.151670
Similarity Matrix for file 6:
          0         1         2         3         4
0  0.000000  0.000000  0.253332  0.153796  0.084481
1  0.166560  0.000000  0.175616  0.084664  0.144401
2  0.000000  0.155837  0.052965  0.190020  0.209923
3  0.000000  0.000000  0.161254  0.227991  0.159698
4  0.005267  0.015119  0.037702  0.034176  0.031221

Overall Similarity for file 6: 0.46880464238184

Centroid Euclidean Distance Matrix for file 6:
           0          1         2         3         4
0   8.270775  10.740496  2.996503  2.995729  3.796796
1   4.974766  11.614768  4.363819  4.800160  4.587171
2   8.534186   9.176023  3.854841  2.995834  3.118659
3   8.551039  10.877519  3.134736  2.458300  3.137430
4  10.682647  12.651105  7.559153  7.439351  7.651942

Centroid Pearson Correlation Matrix for file 6:
          0         1         2         3         4
0 -0.194245 -0.096960  0.268510  0.162452 -0.220088
1  0.754620 -0.101388  0.099734 -0.535916 -0.008328
2 -0.321813  0.435340 -0.392170  0.079267  0.163499
3 -0.388813 -0.205183  0.019438  0.388676  0.050832
4 -0.042483 -0.074751  0.035950  0.077174 -0.013745
Similarity Matrix for file 7:
          0         1         2         3         4
0  0.000000  0.000000  0.153088  0.190137  0.134560
1  0.186506  0.000000  0.112497  0.072191  0.126230
2  0.000000  0.151809  0.191785  0.177537  0.106185
3  0.067471  0.000000  0.087091  0.089701  0.131708
4  0.000000  0.000000  0.127462  0.175027  0.165648

Overall Similarity for file 7: 0.48932664323877456

Centroid Euclidean Distance Matrix for file 7:
          0          1         2         3         4
0  8.364082  10.702280  3.553270  3.125554  3.705420
1  4.798283  11.278978  4.409699  4.651894  4.457355
2  8.229629   9.060532  3.200250  2.986041  3.745459
3  6.117319  11.320662  4.256724  3.982042  3.795720
4  8.456664  10.587780  3.668213  3.085526  3.305741

Centroid Pearson Correlation Matrix for file 7:
          0         1         2         3         4
0 -0.274392 -0.137504  0.063916  0.275444  0.001281
1  0.749451 -0.081198  0.019216 -0.525167  0.003389
2 -0.314540  0.394728  0.069548  0.075575 -0.268275
3  0.442555 -0.210807 -0.133109 -0.165638  0.176844
4 -0.341988 -0.101059 -0.070869  0.219228  0.189197
Similarity Matrix for file 8:
          0         1         2         3         4
0  0.000000  0.000000  0.115361  0.223644  0.207589
1  0.192535  0.000000  0.152810  0.094760  0.169696
2  0.000000  0.000000  0.096473  0.110870  0.101739
3  0.000000  0.117117  0.247842  0.226003  0.117233
4  0.010462  0.000000  0.000000  0.000000  0.000000

Overall Similarity for file 8: 0.4368268872247684

Centroid Euclidean Distance Matrix for file 8:
           0          1          2          3          4
0   7.909356  10.634466   3.386134   2.518792   2.882088
1   4.515428  11.207463   4.445097   4.605205   4.280348
2   8.320886  10.645174   4.106158   3.785127   4.104781
3   8.027136   9.045397   2.619792   2.381753   3.378783
4  45.432170  47.709168  46.721644  46.709738  46.713312

Centroid Pearson Correlation Matrix for file 8:
          0         1         2         3         4
0 -0.286721 -0.266696 -0.144171  0.383751  0.257107
1  0.772008 -0.117567 -0.047517 -0.529480  0.074768
2 -0.201457 -0.083958  0.019114  0.142773  0.065616
3 -0.483902  0.384791  0.157685  0.175111 -0.320149
4  0.274021 -0.040683 -0.052914 -0.062668 -0.031916
Similarity Matrix for file 9:
          0    1         2         3         4
0  0.000000  0.0  0.184887  0.169207  0.099983
1  0.199381  0.0  0.152407  0.101593  0.163178
2  0.000000  0.0  0.102665  0.099869  0.073765
3  0.000000  0.0  0.191036  0.282331  0.237321
4  0.000000  1.0  0.000000  0.000000  0.000000

Overall Similarity for file 9: 0.6115246807907002

Centroid Euclidean Distance Matrix for file 9:
           0          1          2          3          4
0   8.046230  10.538851   3.200621   3.116479   3.879850
1   4.341951  11.157108   4.423750   4.529554   4.302783
2   8.468310  10.839638   4.144408   3.912179   4.412854
3   7.706472  10.240478   2.724017   1.929900   2.496854
4  12.368702   0.000000  10.325418  10.094795  10.378971

Centroid Pearson Correlation Matrix for file 9:
          0         1         2         3         4
0 -0.288310 -0.140789  0.248425  0.229963 -0.129151
1  0.781630 -0.120237 -0.054490 -0.507070  0.043182
2 -0.226575 -0.175873  0.112082  0.245031 -0.008400
3 -0.467937 -0.205412 -0.031315  0.402523  0.199056
4 -0.102367  1.000000 -0.286472 -0.272007 -0.274556
Similarity Matrix for file 10:
         0         1         2         3         4
0  0.00000  0.000000  0.089598  0.156267  0.177517
1  0.00659  0.014317  0.047802  0.039969  0.032444
2  0.10486  0.000000  0.221170  0.178809  0.173446
3  0.00000  0.000000  0.080988  0.146138  0.132515
4  0.00000  0.129278  0.190136  0.168965  0.116314

Overall Similarity for file 10: 0.4414244249578113

Centroid Euclidean Distance Matrix for file 10:
          0          1         2         3         4
0  8.517452  12.296020  4.417068  3.659313  3.634537
1  9.893411  13.064713  6.941458  6.849718  7.101315
2  5.793407  11.920555  3.049541  2.972576  3.274177
3  8.717461  12.397549  4.719659  3.979654  4.133426
4  8.129500   9.790797  4.081555  4.167408  4.742164

Centroid Pearson Correlation Matrix for file 10:
          0         1         2         3         4
0 -0.261175 -0.243943 -0.173252  0.256391  0.306735
1 -0.051767 -0.080415  0.057350  0.086396 -0.031946
2  0.543817 -0.190204  0.090567 -0.272023 -0.024182
3 -0.244498 -0.217694 -0.141899  0.297262  0.219721
4 -0.109306  0.449446  0.104090 -0.140583 -0.291986
Similarity Matrix for file 11:
          0    1         2         3         4
0  0.000000  1.0  0.000000  0.000000  0.000000
1  0.067224  0.0  0.225383  0.193947  0.162631
2  0.000000  0.0  0.085470  0.151402  0.142291
3  0.000000  0.0  0.093745  0.159043  0.180793
4  0.035648  0.0  0.211568  0.176871  0.151159

Overall Similarity for file 11: 0.6074347887799249

Centroid Euclidean Distance Matrix for file 11:
           0          1          2          3          4
0  13.582253   0.000000  11.619778  11.482381  11.746964
1   7.178420  11.375163   3.393816   3.544957   4.053116
2   8.922282  12.487029   4.691964   3.934038   4.059964
3   8.762664  12.404286   4.435323   3.673092   3.649815
4   6.793433  12.171887   3.243348   3.121322   3.436956

Centroid Pearson Correlation Matrix for file 11:
          0         1         2         3         4
0 -0.069495  1.000000 -0.210546 -0.289421 -0.292963
1  0.163375  0.062923  0.193213 -0.139822 -0.215252
2 -0.250947 -0.224129 -0.148620  0.293896  0.223980
3 -0.266205 -0.246471 -0.170865  0.254675  0.295008
4  0.254878 -0.200032  0.109707 -0.126607  0.008448
Similarity Matrix for file 12:
         0    1         2         3         4
0  0.00000  0.0  0.213326  0.187434  0.148678
1  0.00000  0.0  0.092800  0.179790  0.182354
2  0.00000  1.0  0.000000  0.000000  0.000000
3  0.00000  0.0  0.083822  0.173967  0.151401
4  0.09668  0.0  0.232869  0.161286  0.148600

Overall Similarity for file 12: 0.6106013963175198

Centroid Euclidean Distance Matrix for file 12:
           0          1          2          3          4
0   8.077955  11.690654   3.747202   4.006922   4.532249
1   8.974869  12.696675   4.352967   3.458637   3.528597
2  14.019312   0.000000  11.973987  11.860236  12.128794
3   9.091928  12.748456   4.551799   3.647787   3.843034
4   6.449959  12.475024   3.076650   3.128601   3.385201

Centroid Pearson Correlation Matrix for file 12:
          0         1         2         3         4
0  0.025300  0.099245  0.235585 -0.119813 -0.230299
1 -0.283850 -0.244643 -0.209271  0.296222  0.288252
2 -0.058698  1.000000 -0.190805 -0.287239 -0.286146
3 -0.271662 -0.225323 -0.195749  0.331549  0.230805
4  0.476654 -0.191686  0.144063 -0.254596 -0.024900
Similarity Matrix for file 13:
          0         1         2         3         4
0  0.000000  0.000000  0.096644  0.144403  0.128993
1  0.000000  0.120423  0.190229  0.170899  0.118972
2  0.000000  0.000000  0.076391  0.168901  0.210027
3  0.081668  0.000000  0.240464  0.186710  0.167043
4  0.000000  0.002881  0.006822  0.005838  0.006819

Overall Similarity for file 13: 0.42482521480560465

Centroid Euclidean Distance Matrix for file 13:
           0          1          2          3          4
0   8.559163  12.678694   4.048610   3.442450   3.637326
1   8.432655  10.313778   4.112478   4.217521   4.754748
2   8.716068  12.634612   4.255628   3.280201   3.049473
3   6.691136  12.311227   2.585932   2.496789   2.980380
4  19.789029  21.562933  18.141776  18.070378  18.106426

Centroid Pearson Correlation Matrix for file 13:
          0         1         2         3         4
0 -0.164574 -0.219094 -0.084336  0.193014  0.172570
1 -0.044031  0.437246  0.114232 -0.154637 -0.297616
2 -0.244588 -0.239323 -0.312215  0.228466  0.421134
3  0.402042 -0.241761  0.173829 -0.129744 -0.076367
4 -0.032299 -0.067460  0.009175  0.057644  0.012080
Similarity Matrix for file 14:
          0         1         2         3         4
0  0.080196  0.000000  0.224338  0.148241  0.169416
1  0.000000  0.000000  0.070245  0.076105  0.075095
2  0.002084  0.000000  0.000000  0.000000  0.000000
3  0.000000  0.167526  0.146376  0.120884  0.072532
4  0.000000  0.000000  0.165817  0.301307  0.248581

Overall Similarity for file 14: 0.4137487401681407

Centroid Euclidean Distance Matrix for file 14:
            0           1           2           3           4
0    6.912577   12.957599    2.725711    2.740061    3.041707
1    9.291260   12.465708    5.586032    5.733737    5.899008
2  140.300523  141.526408  141.025217  141.016613  141.031437
3    9.075067   10.231086    5.007130    5.366673    5.904273
4    9.010655   13.583270    3.691748    2.658348    2.879911

Centroid Pearson Correlation Matrix for file 14:
          0         1         2         3         4
0  0.508125 -0.137552  0.154579 -0.290563 -0.036229
1  0.036023  0.174112  0.078361 -0.176141 -0.086873
2  0.129577 -0.031892 -0.011203  0.004283 -0.016252
3  0.032008  0.565473  0.156314 -0.266721 -0.370089
4 -0.300432 -0.409481 -0.223894  0.411542  0.323600
Similarity Matrix for file 15:
     0         1         2         3         4
0  0.0  0.114786  0.179318  0.163823  0.109361
1  0.0  0.000000  0.236198  0.139588  0.164796
2  0.0  0.000000  0.109826  0.197625  0.191595
3  0.0  0.000000  0.106822  0.195048  0.187128
4  1.0  0.000000  0.000000  0.000000  0.000000

Overall Similarity for file 15: 0.6191827604174354

Centroid Euclidean Distance Matrix for file 15:
          0          1         2         3         4
0  9.281086  11.092408  4.887378  5.246524  5.803088
1  7.935879  13.283456  2.648381  2.745325  3.048177
2  9.657384  14.050842  4.312832  3.422640  3.434596
3  9.707993  14.079136  4.427394  3.503100  3.513644
4  0.000000  15.294709  8.453668  8.374038  8.686511

Centroid Pearson Correlation Matrix for file 15:
          0         1         2         3         4
0  0.068368  0.475466  0.198630 -0.219956 -0.371935
1  0.255432 -0.109531  0.246813 -0.307723 -0.043519
2 -0.236363 -0.314980 -0.210975  0.265159  0.303539
3 -0.234414 -0.309178 -0.227849  0.278254  0.306771
4  1.000000 -0.025761 -0.037658 -0.129158 -0.174756
Similarity Matrix for file 16:
          0    1         2         3         4
0  0.003220  0.0  0.039738  0.033515  0.029982
1  0.002518  0.0  0.212074  0.239359  0.240124
2  0.067595  0.0  0.215844  0.175734  0.133226
3  0.000000  1.0  0.000000  0.000000  0.000000
4  0.000000  0.0  0.109417  0.203536  0.187129

Overall Similarity for file 16: 0.5786025235712918

Centroid Euclidean Distance Matrix for file 16:
           0          1          2          3          4
0  11.270276  15.121055   7.546636   7.429513   7.620508
1   8.831213  13.717157   3.151023   2.347774   2.493730
2   7.900112  12.705399   3.994917   4.515202   5.069493
3  15.328946   0.000000  13.131558  13.152050  13.428080
4   9.595485  14.157312   4.294097   3.328710   3.385099

Centroid Pearson Correlation Matrix for file 16:
          0         1         2         3         4
0 -0.039437 -0.110141  0.048602  0.067583 -0.011611
1 -0.175854 -0.317967 -0.149330  0.159420  0.291617
2  0.313816  0.188925  0.301299 -0.244846 -0.341226
3 -0.017596  1.000000 -0.119289 -0.303043 -0.305503
4 -0.238502 -0.311194 -0.233644  0.285604  0.302013
Similarity Matrix for file 17:
          0    1         2         3         4
0  0.000000  1.0  0.000000  0.000000  0.000000
1  0.000000  0.0  0.114794  0.185476  0.183053
2  0.067139  0.0  0.222666  0.184914  0.143197
3  0.015722  0.0  0.192667  0.139445  0.142087
4  0.000000  0.0  0.110101  0.186185  0.166299

Overall Similarity for file 17: 0.6107491477240139

Centroid Euclidean Distance Matrix for file 17:
           0          1          2          3          4
0  14.618444   0.000000  12.631497  12.609847  12.903196
1   9.199362  13.744640   4.379671   3.568921   3.578225
2   7.533526  12.202233   3.927307   4.317037   4.888664
3   7.723565  13.024417   2.997952   2.884044   3.170088
4   9.257133  13.777212   4.501139   3.658010   3.736099

Centroid Pearson Correlation Matrix for file 17:
          0         1         2         3         4
0 -0.027793  1.000000 -0.158506 -0.304525 -0.303579
1 -0.240985 -0.323275 -0.190000  0.270247  0.306356
2  0.272667  0.175499  0.247150 -0.215982 -0.310653
3  0.105993 -0.144721  0.116118 -0.145854  0.045590
4 -0.235187 -0.310233 -0.193754  0.297359  0.280793
Similarity Matrix for file 18:
          0    1         2         3         4
0  0.018999  0.0  0.082552  0.082160  0.073408
1  0.014487  0.0  0.212379  0.236778  0.224936
2  0.000000  0.0  0.089600  0.156307  0.152145
3  0.000000  1.0  0.000000  0.000000  0.000000
4  0.063889  0.0  0.219634  0.185647  0.145558

Overall Similarity for file 18: 0.5916960360499135

Centroid Euclidean Distance Matrix for file 18:
           0          1          2          3          4
0   8.887320  13.056604   4.438646   4.052796   4.292048
1   7.848619  12.590457   2.889294   2.375485   2.581278
2   9.166932  12.907837   4.273421   3.519449   3.658140
3  14.314849   0.000000  12.191453  12.070797  12.341050
4   7.505498  11.935780   3.566788   3.761235   4.310511

Centroid Pearson Correlation Matrix for file 18:
          0         1         2         3         4
0 -0.091110 -0.231387 -0.008812  0.166438  0.090986
1 -0.034608 -0.285275 -0.041765  0.047624  0.219529
2 -0.264810 -0.224397 -0.156184  0.264955  0.234708
3 -0.051336  1.000000 -0.201840 -0.276721 -0.279388
4  0.226769  0.088612  0.194950 -0.149369 -0.243397
Similarity Matrix for file 19:
          0         1         2         3         4
0  0.000000  0.000000  0.106629  0.168193  0.152897
1  0.000000  0.123616  0.188752  0.175172  0.113649
2  0.000000  0.000000  0.199295  0.161134  0.146134
3  0.325113  0.000000  0.058553  0.040476  0.071984
4  0.000000  0.000000  0.112396  0.169001  0.175234

Overall Similarity for file 19: 0.497645588865858

Centroid Euclidean Distance Matrix for file 19:
          0          1         2         3         4
0  8.988232  12.632161  4.300286  3.620602  3.810164
1  8.486102  10.184240  4.156475  4.195806  4.788110
2  7.277107  12.446336  3.321691  3.262987  3.492053
3  4.407471  12.548511  4.650559  4.669147  4.846348
4  8.916031  12.600895  4.178911  3.518334  3.602161

Centroid Pearson Correlation Matrix for file 19:
          0         1         2         3         4
0 -0.263160 -0.234936 -0.113641  0.276456  0.204401
1 -0.066447  0.441474  0.084344 -0.119257 -0.290538
2  0.174804 -0.177431  0.120258 -0.165103  0.044953
3  0.844920 -0.041496 -0.006558 -0.326818 -0.097845
4 -0.270050 -0.247561 -0.121721  0.240858  0.248697
Similarity Matrix for file 20:
          0    1         2         3         4
0  0.000000  0.0  0.207213  0.179535  0.110044
1  0.104133  0.0  0.203619  0.154639  0.181762
2  0.000000  0.0  0.112257  0.186538  0.149709
3  0.000000  0.0  0.116259  0.185608  0.170056
4  0.000000  1.0  0.000000  0.000000  0.000000

Overall Similarity for file 20: 0.6122742637857176

Centroid Euclidean Distance Matrix for file 20:
           0          1          2          3          4
0   8.356551  11.598258   4.085250   4.290436   4.881989
1   6.001049  12.290434   3.236122   3.210232   3.327492
2   8.808930  12.581482   4.167061   3.434695   3.762785
3   8.758703  12.560044   4.085621   3.369581   3.586195
4  13.831957   0.000000  11.853158  11.738396  12.019132

Centroid Pearson Correlation Matrix for file 20:
          0         1         2         3         4
0 -0.042678  0.101255  0.213336 -0.058805 -0.228477
1  0.587060 -0.153940  0.054548 -0.341839  0.039935
2 -0.275455 -0.241409 -0.106789  0.320789  0.175888
3 -0.281932 -0.251426 -0.117711  0.286414  0.221975
4 -0.059568  1.000000 -0.210889 -0.292088 -0.275488

------------------------------------------------------

Considering only continuous features:

Similarity Matrix for file 1:
          0         1         2         3         4
0  0.085781  0.077694  0.175594  0.173997  0.168414
1  0.009889  0.021050  0.032206  0.030308  0.030758
2  0.076966  0.075604  0.185500  0.175495  0.169425
3  0.078112  0.075764  0.172189  0.167075  0.164569
4  0.000000  0.003401  0.000000  0.000000  0.000000

Overall Similarity for file 1: 0.4299588262545936

Centroid Euclidean Distance Matrix for file 1:
           0          1          2          3          4
0   0.247151   0.655471   0.506106   0.489881   0.495537
1   6.120959   6.030807   5.974256   5.986536   5.983007
2   1.600926   1.636518   1.539990   1.550313   1.560960
3   1.624169   1.670580   1.625843   1.614797   1.603965
4  53.759304  53.224152  53.718843  53.721518  53.728421

Centroid Pearson Correlation Matrix for file 1:
          0         1         2         3         4
0  0.954305 -0.253932 -0.516976 -0.204548 -0.161870
1 -0.415318  0.200774  0.225662 -0.054351 -0.120901
2 -0.476243 -0.485439  0.913870  0.790516  0.741628
3  0.369014  0.484065 -0.868592 -0.714932 -0.647572
4 -0.570528  0.990913 -0.565676 -0.823856 -0.840696
Similarity Matrix for file 2:
          0         1         2         3         4
0  0.054021  0.053769  0.230102  0.240904  0.199685
1  0.054495  0.052492  0.201563  0.204832  0.167395
2  0.009808  0.029638  0.101516  0.097222  0.103226
3  0.006703  0.017428  0.035186  0.033082  0.030988
4  0.000000  0.003399  0.000000  0.000000  0.000000

Overall Similarity for file 2: 0.3854910131517057

Centroid Euclidean Distance Matrix for file 2:
           0          1          2          3          4
0   0.927725   1.182155   1.052923   1.021570   1.013690
1   1.280038   1.448167   1.297595   1.315126   1.348472
2   2.611153   2.490512   2.363853   2.380894   2.340274
3   5.917726   5.843457   5.764897   5.774872   5.780233
4  68.940000  68.264813  68.904666  68.904530  68.914326

Centroid Pearson Correlation Matrix for file 2:
          0         1         2         3         4
0  0.064474 -0.756066  0.801353  0.787938  0.710369
1  0.604416  0.304524 -0.290713 -0.320665 -0.778038
2 -0.786175  0.184793 -0.301177 -0.353710  0.538214
3 -0.327453  0.210461 -0.146636  0.022778 -0.116293
4 -0.612683  0.990297 -0.987710 -0.968309 -0.575040
Similarity Matrix for file 3:
          0         1         2         3         4
0  0.034255  0.038716  0.208148  0.227324  0.198027
1  0.032989  0.038587  0.209162  0.236300  0.211586
2  0.003615  0.014800  0.037057  0.033234  0.031288
3  0.000000  0.003402  0.000012  0.000000  0.000000
4  0.004297  0.022539  0.105214  0.098935  0.101274

Overall Similarity for file 3: 0.37815223406675635

Centroid Euclidean Distance Matrix for file 3:
           0          1          2          3          4
0   1.188178   1.466112   1.282074   1.289447   1.309489
1   1.194557   1.420770   1.252349   1.215982   1.202971
2   5.839284   5.748164   5.635191   5.662388   5.672402
3  80.434857  79.651564  80.400035  80.399608  80.411384
4   2.595586   2.489451   2.318094   2.349513   2.331746

Centroid Pearson Correlation Matrix for file 3:
          0         1         2         3         4
0  0.738429  0.307016 -0.738131 -0.207409 -0.588517
1 -0.211870 -0.731228  0.526439  0.697448  0.831524
2 -0.435645  0.199703  0.466740 -0.070038 -0.269947
3 -0.453842  0.990414 -0.223078 -0.984738 -0.841342
4 -0.726413  0.185940  0.343859 -0.407461  0.227764
Similarity Matrix for file 4:
          0         1         2         3         4
0  0.031661  0.037151  0.213743  0.234727  0.197644
1  0.003469  0.014655  0.036554  0.033091  0.031635
2  0.000000  0.003390  0.000012  0.000000  0.000000
3  0.033921  0.038843  0.204943  0.231688  0.211521
4  0.005189  0.022442  0.104385  0.097082  0.099793

Overall Similarity for file 4: 0.3775083117929001

Centroid Euclidean Distance Matrix for file 4:
           0          1          2          3          4
0   1.262881   1.474911   1.254868   1.252081   1.298385
1   5.848606   5.755170   5.647350   5.672264   5.678312
2  81.344189  80.567815  81.308531  81.305414  81.318789
3   1.121757   1.405104   1.276652   1.250643   1.214053
4   2.603858   2.501227   2.339012   2.371509   2.350881

Centroid Pearson Correlation Matrix for file 4:
          0         1         2         3         4
0  0.546551  0.264118 -0.582308  0.400727 -0.703927
1 -0.417492  0.211813  0.356949 -0.267803 -0.121175
2 -0.644022  0.994537 -0.236430 -0.806282 -0.785039
3  0.028804 -0.700316  0.391829  0.162739  0.896625
4 -0.703080  0.209141  0.322897 -0.703642  0.265215
Similarity Matrix for file 5:
          0         1         2         3         4
0  0.037634  0.038917  0.168092  0.183861  0.171964
1  0.032884  0.036847  0.203937  0.204046  0.168152
2  0.000000  0.003390  0.000000  0.000000  0.000000
3  0.005755  0.014985  0.037372  0.034289  0.031041
4  0.033381  0.037814  0.188694  0.202887  0.179817

Overall Similarity for file 5: 0.4031521895291144

Centroid Euclidean Distance Matrix for file 5:
           0          1          2          3          4
0   1.493204   1.699762   1.614507   1.571441   1.522973
1   1.524309   1.647963   1.395786   1.432489   1.478353
2  80.063420  79.279684  80.034512  80.036367  80.044135
3   5.803064   5.749101   5.642680   5.657865   5.670680
4   0.390516   0.821916   0.398958   0.382582   0.367299

Centroid Pearson Correlation Matrix for file 5:
          0         1         2         3         4
0 -0.222777 -0.533859 -0.907135  0.318012  0.903828
1  0.281468  0.377215  0.962662 -0.212271 -0.756192
2 -0.725240  0.994075  0.064331 -0.959491 -0.695187
3 -0.282714  0.219567 -0.494443 -0.046696 -0.095301
4  0.180618 -0.190900  0.078654 -0.028251  0.206138
Similarity Matrix for file 6:
          0         1         2         3         4
0  0.041072  0.040809  0.210449  0.226502  0.191484
1  0.041763  0.041051  0.208818  0.232168  0.206015
2  0.006193  0.022972  0.106497  0.101236  0.105930
3  0.005268  0.015068  0.037702  0.034176  0.031221
4  0.000000  0.003395  0.000000  0.000000  0.000000

Overall Similarity for file 6: 0.3819578336383172

Centroid Euclidean Distance Matrix for file 6:
           0          1          2          3          4
0   1.216239   1.469920   1.282894   1.284575   1.315525
1   1.171610   1.424523   1.254968   1.229029   1.210150
2   2.558288   2.473977   2.291369   2.315837   2.285641
3   5.791938   5.720902   5.600227   5.625035   5.640863
4  79.910700  79.123403  79.881974  79.888375  79.889798

Centroid Pearson Correlation Matrix for file 6:
          0         1         2         3         4
0  0.695912  0.311246 -0.678581 -0.132806 -0.678296
1 -0.148036 -0.732207  0.583568  0.634034  0.775230
2 -0.747877  0.170462  0.093863 -0.447358  0.482180
3 -0.394290  0.194192  0.589639 -0.069298 -0.309700
4 -0.494172  0.989675 -0.333430 -0.978756 -0.676851
Similarity Matrix for file 7:
          0         1         2         3         4
0  0.042499  0.040419  0.182159  0.187552  0.161165
1  0.007477  0.024028  0.110689  0.103922  0.108663
2  0.006813  0.015609  0.040458  0.035699  0.031070
3  0.048667  0.042210  0.148076  0.171284  0.159645
4  0.044724  0.040786  0.163671  0.173871  0.156968

Overall Similarity for file 7: 0.44962506643994427

Centroid Euclidean Distance Matrix for file 7:
          0         1         2         3         4
0  1.533136  1.691015  1.480502  1.517427  1.548471
1  2.522196  2.422142  2.249433  2.278877  2.244494
2  5.688931  5.637509  5.515243  5.540495  5.563189
3  1.482826  1.724608  1.658276  1.597450  1.576190
4  0.226414  0.843834  0.535732  0.484936  0.492400

Centroid Pearson Correlation Matrix for file 7:
          0         1         2         3         4
0  0.491006  0.316173  0.391266 -0.315473 -0.689001
1 -0.802806  0.195245 -0.562568 -0.398633  0.536979
2 -0.265291  0.212614  0.615984  0.050555 -0.308298
3 -0.046330 -0.668272 -0.342793  0.699797  0.729402
4  0.893219 -0.429316 -0.248575  0.414206 -0.100387
Similarity Matrix for file 8:
          0         1         2         3         4
0  0.053103  0.045738  0.215952  0.235204  0.201837
1  0.049568  0.043003  0.197994  0.220260  0.179876
2  0.000000  0.003391  0.000000  0.000000  0.000000
3  0.006366  0.015195  0.038780  0.034651  0.029980
4  0.010309  0.023480  0.112024  0.104839  0.110497

Overall Similarity for file 8: 0.3864092918449318

Centroid Euclidean Distance Matrix for file 8:
           0          1          2          3          4
0   0.960950   1.253519   1.107217   1.096800   1.071007
1   1.252504   1.468399   1.272083   1.250840   1.293693
2  77.301836  76.540605  77.278932  77.281725  77.282050
3   5.807680   5.757119   5.637680   5.660148   5.681480
4   2.473267   2.417015   2.216875   2.249876   2.211387

Centroid Pearson Correlation Matrix for file 8:
          0         1         2         3         4
0  0.803391  0.315907 -0.952968 -0.470747 -0.035705
1 -0.283723 -0.762932  0.938658  0.895073  0.114192
2 -0.447080  0.982861 -0.387783 -0.902187 -0.512596
3 -0.368570  0.181365  0.417890  0.175653 -0.782937
4 -0.756454  0.139217  0.299587 -0.266941  0.477932
Similarity Matrix for file 9:
          0         1         2         3         4
0  0.050019  0.042151  0.165541  0.182136  0.172145
1  0.041943  0.039759  0.195855  0.193332  0.155265
2  0.000000  0.003390  0.000000  0.000000  0.000000
3  0.046721  0.042087  0.186473  0.208007  0.190500
4  0.007027  0.015402  0.040754  0.035752  0.030903

Overall Similarity for file 9: 0.4090323723951739

Centroid Euclidean Distance Matrix for file 9:
           0          1          2          3          4
0   1.578133   1.783103   1.741984   1.680977   1.608096
1   1.708509   1.794793   1.554067   1.603234   1.670647
2  77.098474  76.339171  77.076533  77.079653  77.078107
3   0.307733   0.750483   0.262955   0.221737   0.193821
4   5.690934   5.633372   5.494182   5.527141   5.553834

Centroid Pearson Correlation Matrix for file 9:
          0         1         2         3         4
0 -0.145558 -0.539518 -0.633848  0.235211  0.915941
1  0.262083  0.400376  0.476900 -0.163260 -0.770958
2 -0.704881  0.990876  0.274630 -0.944250 -0.573181
3  0.155278 -0.264482 -0.295755  0.031314  0.358337
4 -0.314557  0.202154  0.267550 -0.052665 -0.170921
Similarity Matrix for file 10:
          0         1         2         3         4
0  0.040872  0.037544  0.209749  0.239534  0.204401
1  0.045640  0.039110  0.190289  0.210952  0.187187
2  0.000000  0.003392  0.000000  0.000000  0.000000
3  0.007126  0.017644  0.122485  0.123286  0.124301
4  0.006590  0.014268  0.047802  0.039970  0.032445

Overall Similarity for file 10: 0.3889175734713364

Centroid Euclidean Distance Matrix for file 10:
           0          1          2          3          4
0   1.100559   1.369625   1.156268   1.118827   1.123449
1   1.155853   1.472472   1.307604   1.312633   1.309735
2  85.247113  84.406616  85.227214  85.229819  85.228509
3   2.339351   2.327839   2.044628   2.059339   2.032542
4   5.402300   5.365308   5.191264   5.235923   5.274762

Centroid Pearson Correlation Matrix for file 10:
          0         1         2         3         4
0 -0.160022 -0.795442  0.614669  0.873756  0.347554
1  0.804502  0.373935 -0.757214 -0.566458 -0.260213
2 -0.374767  0.973571 -0.162264 -0.896856 -0.564989
3 -0.762462  0.072737 -0.059041 -0.039329  0.563437
4 -0.349411  0.178580  0.844535  0.069985 -0.747865
Similarity Matrix for file 11:
          0         1         2         3         4
0  0.038914  0.036889  0.182770  0.211708  0.194245
1  0.006267  0.013255  0.043136  0.036464  0.029538
2  0.039464  0.037682  0.213615  0.238693  0.209546
3  0.005046  0.017372  0.120837  0.123732  0.124800
4  0.000000  0.003390  0.000000  0.000000  0.000000

Overall Similarity for file 11: 0.38547275095838557

Centroid Euclidean Distance Matrix for file 11:
           0          1          2          3          4
0   1.253714   1.507409   1.320119   1.287045   1.275790
1   5.658864   5.632714   5.470688   5.510492   5.546587
2   0.942083   1.301291   1.082285   1.086304   1.095003
3   2.364907   2.334469   2.050826   2.062420   2.044192
4  86.131749  85.281580  86.109437  86.114007  86.111207

Centroid Pearson Correlation Matrix for file 11:
          0         1         2         3         4
0 -0.219138 -0.772159  0.712476  0.876534  0.436935
1 -0.260432  0.192373  0.882838 -0.024763 -0.642276
2  0.801284  0.321940 -0.734343 -0.495539 -0.337400
3 -0.824376  0.081707 -0.116187 -0.025793  0.530464
4 -0.419632  0.977145 -0.125252 -0.925463 -0.642936
Similarity Matrix for file 12:
          0         1         2         3         4
0  0.035479  0.034796  0.197791  0.231971  0.201294
1  0.034451  0.034542  0.202348  0.237754  0.194447
2  0.005403  0.017025  0.116212  0.116391  0.124017
3  0.000000  0.003400  0.000000  0.000000  0.000000
4  0.005054  0.013339  0.043395  0.037327  0.031204

Overall Similarity for file 12: 0.383527552333844

Centroid Euclidean Distance Matrix for file 12:
           0          1          2          3          4
0   1.200823   1.499638   1.298534   1.280208   1.268888
1   1.186987   1.480939   1.270783   1.256493   1.286838
2   2.399671   2.379233   2.111730   2.132716   2.083251
3  88.365612  87.495393  88.336225  88.343577  88.347841
4   5.566949   5.516115   5.349849   5.392228   5.426816

Centroid Pearson Correlation Matrix for file 12:
          0         1         2         3         4
0 -0.108247 -0.752343  0.502986  0.499737  0.482939
1  0.705016  0.334811 -0.620962  0.085611 -0.465492
2 -0.762602  0.106615 -0.111501 -0.604903  0.649245
3 -0.486313  0.981400 -0.098553 -0.922938 -0.517569
4 -0.354301  0.196963  0.874094 -0.051791 -0.619854
Similarity Matrix for file 13:
          0         1         2         3         4
0  0.033884  0.034344  0.205288  0.224974  0.195801
1  0.034246  0.034828  0.198528  0.232959  0.210049
2  0.003909  0.016973  0.117736  0.119481  0.120741
3  0.005314  0.013047  0.042745  0.036920  0.030534
4  0.000000  0.003409  0.000011  0.000000  0.000000

Overall Similarity for file 13: 0.3831442352727075

Centroid Euclidean Distance Matrix for file 13:
           0          1          2          3          4
0   1.234647   1.522904   1.287673   1.304912   1.323548
1   1.149242   1.459547   1.280360   1.239265   1.219441
2   2.415530   2.377900   2.107962   2.116549   2.096910
3   5.602436   5.560548   5.393670   5.433465   5.470175
4  87.061978  86.188323  87.033282  87.039827  87.041744

Centroid Pearson Correlation Matrix for file 13:
          0         1         2         3         4
0  0.681813  0.330262 -0.297964 -0.459618 -0.432952
1 -0.065579 -0.753028  0.189280  0.831554  0.567461
2 -0.798389  0.109757 -0.297360 -0.100122  0.495312
3 -0.301243  0.194086  0.880027 -0.021534 -0.594490
4 -0.497319  0.982968  0.044276 -0.947815 -0.661392
Similarity Matrix for file 14:
          0         1         2         3         4
0  0.028045  0.031367  0.199081  0.232390  0.200856
1  0.004784  0.012495  0.041567  0.035866  0.030405
2  0.028637  0.031506  0.212957  0.240975  0.197167
3  0.000000  0.003390  0.000009  0.000000  0.000000
4  0.003784  0.016291  0.115598  0.110518  0.117806

Overall Similarity for file 14: 0.3790988332153058

Centroid Euclidean Distance Matrix for file 14:
           0          1          2          3          4
0   1.146915   1.449088   1.232288   1.185373   1.163898
1   5.660965   5.628355   5.479201   5.510756   5.536250
2   1.012943   1.393584   1.115869   1.124982   1.167706
3  91.434929  90.532538  91.404651  91.410444  91.416346
4   2.447901   2.421912   2.155226   2.188199   2.142126

Centroid Pearson Correlation Matrix for file 14:
          0         1         2         3         4
0 -0.169732 -0.756923  0.276291  0.552952  0.642446
1 -0.311697  0.201361  0.978379  0.013055 -0.368503
2  0.780084  0.297609 -0.456470  0.075866 -0.631555
3 -0.439342  0.986258  0.292032 -0.909505 -0.612489
4 -0.799589  0.132011 -0.233496 -0.642462  0.587916
Similarity Matrix for file 15:
          0         1         2         3         4
0  0.022432  0.027979  0.223191  0.256947  0.231668
1  0.003065  0.012005  0.041005  0.034996  0.030685
2  0.020522  0.027326  0.214321  0.253766  0.233445
3  0.000000  0.003390  0.000009  0.000000  0.000000
4  0.000000  0.017135  0.000234  0.000269  0.000000

Overall Similarity for file 15: 0.33087817212526216

Centroid Euclidean Distance Matrix for file 15:
           0          1          2          3          4
0   1.135884   1.455854   1.179823   1.188430   1.193552
1   5.702591   5.641072   5.478242   5.520606   5.546182
2   1.310404   1.521743   1.249836   1.223702   1.210229
3  93.959171  93.050107  93.926416  93.930160  93.939299
4  10.258001   9.334197  10.190283  10.198343  10.206133

Centroid Pearson Correlation Matrix for file 15:
          0         1         2         3         4
0  0.647866  0.423886 -0.761255 -0.248256 -0.263313
1 -0.401426  0.188349  0.724126 -0.002084 -0.622163
2 -0.548790 -0.604224  0.545184  0.318488  0.606815
3 -0.379434  0.986458  0.076402 -0.940932 -0.779971
4 -0.440672  0.972416  0.122507 -0.957128 -0.750369
Similarity Matrix for file 16:
          0         1         2         3         4
0  0.003177  0.011945  0.039634  0.033449  0.029913
1  0.025048  0.029148  0.174662  0.209252  0.191818
2  0.022940  0.028267  0.219966  0.267634  0.225938
3  0.000000  0.003390  0.000009  0.000000  0.000000
4  0.002832  0.016075  0.112554  0.103122  0.109930

Overall Similarity for file 16: 0.37214102704956475

Centroid Euclidean Distance Matrix for file 16:
           0          1          2          3          4
0   5.813371   5.760013   5.618492   5.655086   5.671002
1   1.261924   1.572689   1.372808   1.349884   1.336616
2   0.907697   1.298984   0.992285   0.963186   0.991586
3  95.391994  94.483303  95.358258  95.359935  95.370438
4   2.540378   2.478247   2.224860   2.276632   2.242021

Centroid Pearson Correlation Matrix for file 16:
          0         1         2         3         4
0 -0.303459  0.215365  0.553038 -0.136267 -0.492626
1 -0.141175 -0.709472  0.709564  0.140861  0.584838
2  0.717193  0.228571 -0.976780  0.475207 -0.371655
3 -0.555094  0.992066  0.052271 -0.747798 -0.784060
4 -0.802909  0.169240  0.504060 -0.798271  0.363901
Similarity Matrix for file 17:
          0         1         2         3         4
0  0.004016  0.016361  0.115251  0.110908  0.117284
1  0.031009  0.032797  0.186462  0.218461  0.198197
2  0.000000  0.003390  0.000010  0.000000  0.000000
3  0.026698  0.030608  0.221369  0.249582  0.205494
4  0.003997  0.012672  0.043268  0.037116  0.030843

Overall Similarity for file 17: 0.3791584392438205

Centroid Euclidean Distance Matrix for file 17:
           0          1          2          3          4
0   2.441575   2.418326   2.152916   2.183589   2.146315
1   1.148069   1.509915   1.362013   1.314787   1.282281
2  91.112716  90.210937  91.083809  91.088789  91.094689
3   1.131788   1.426519   1.106792   1.114226   1.156269
4   5.597489   5.549489   5.387078   5.425089   5.458681

Centroid Pearson Correlation Matrix for file 17:
          0         1         2         3         4
0 -0.750215  0.149471 -0.220949 -0.679020  0.526213
1  0.094717 -0.711456 -0.007472  0.413729  0.647373
2 -0.675711  0.991525  0.331951 -0.878921 -0.664057
3  0.543694  0.249942 -0.234209  0.188593 -0.525876
4 -0.302635  0.214631  0.889659 -0.031222 -0.476034
Similarity Matrix for file 18:
          0         1         2         3         4
0  0.033677  0.033903  0.189787  0.226232  0.202601
1  0.004112  0.012909  0.066581  0.065838  0.071393
2  0.031763  0.032783  0.218351  0.237232  0.198436
3  0.005127  0.012755  0.042865  0.036847  0.030335
4  0.003404  0.016417  0.066984  0.063694  0.066303

Overall Similarity for file 18: 0.3940659361323954

Centroid Euclidean Distance Matrix for file 18:
          0         1         2         3         4
0  1.208229  1.527813  1.375062  1.313890  1.285192
1  2.673773  2.663951  2.449220  2.441923  2.401130
2  1.176009  1.475250  1.191342  1.220756  1.253221
3  5.603969  5.564384  5.393972  5.434278  5.471454
4  2.723833  2.643030  2.422546  2.463731  2.455219

Centroid Pearson Correlation Matrix for file 18:
          0         1         2         3         4
0 -0.041563 -0.726481 -0.211123  0.766146  0.654449
1 -0.779335 -0.088978 -0.360810 -0.052645  0.666045
2  0.642129  0.299909  0.071324 -0.303976 -0.547974
3 -0.311658  0.198342  0.735674  0.026991 -0.488832
4 -0.635558  0.445066 -0.301970 -0.640871  0.194343
Similarity Matrix for file 19:
          0         1         2         3         4
0  0.004181  0.016955  0.119616  0.120092  0.123196
1  0.035724  0.035522  0.206332  0.230013  0.204378
2  0.036052  0.035423  0.200394  0.229306  0.190574
3  0.005663  0.012991  0.044400  0.037525  0.030805
4  0.000000  0.003390  0.000000  0.000000  0.000000

Overall Similarity for file 19: 0.38450642882042174

Centroid Euclidean Distance Matrix for file 19:
           0          1          2          3          4
0   2.378433   2.355499   2.074617   2.092445   2.062863
1   1.025664   1.362841   1.167186   1.147349   1.097888
2   1.128658   1.438300   1.190744   1.178557   1.235625
3   5.564134   5.538684   5.372837   5.411106   5.443722
4  88.371964  87.499495  88.350777  88.354768  88.352126

Centroid Pearson Correlation Matrix for file 19:
          0         1         2         3         4
0 -0.818472  0.108926 -0.204659 -0.531944  0.595434
1 -0.012611 -0.777372  0.625334  0.352546  0.629042
2  0.700240  0.310233 -0.667664  0.284304 -0.617215
3 -0.260540  0.198275  0.908522 -0.274602 -0.398556
4 -0.520117  0.984392 -0.110952 -0.885810 -0.613904
Similarity Matrix for file 20:
          0         1         2         3         4
0  0.036692  0.034455  0.203035  0.245587  0.183527
1  0.039815  0.036884  0.203838  0.224627  0.196625
2  0.004694  0.017036  0.118609  0.117234  0.128212
3  0.000000  0.003390  0.000000  0.000000  0.000000
4  0.005585  0.013068  0.044033  0.037502  0.030669

Overall Similarity for file 20: 0.3850233575705708

Centroid Euclidean Distance Matrix for file 20:
           0          1          2          3          4
0   1.246522   1.529657   1.293547   1.236492   1.321531
1   1.143462   1.452115   1.282817   1.304659   1.244830
2   2.379439   2.352207   2.077044   2.101475   2.040108
3  88.147620  87.279308  88.125320  88.129598  88.129299
4   5.555339   5.516433   5.340561   5.385464   5.421900

Centroid Pearson Correlation Matrix for file 20:
          0         1         2         3         4
0 -0.212787 -0.777566  0.618590  0.956447 -0.196941
1  0.777452  0.374729 -0.695558 -0.636449  0.163390
2 -0.771847  0.090847 -0.087116 -0.134297  0.578026
3 -0.396363  0.974699 -0.205384 -0.828840 -0.177920
4 -0.335811  0.172620  0.822382  0.230375 -0.953780
