1 65.0
2 64.0
3 65.0
4 65.0
5 64.0
6 65.0
7 64.0
8 65.0
9 64.0
10 64.0
11 64.0
12 64.0
13 65.0
14 64.0
15 64.0
16 64.0
17 64.0
18 65.0
19 64.0
20 64.0
21 65.0
22 64.0
23 64.0
24 64.0
25 65.0
26 65.0
27 65.0
28 64.0
29 65.0
30 65.0
31 64.0
32 65.0
33 64.0
34 64.0
35 64.0
36 65.0
37 65.0
38 64.0
39 65.0
40 64.0
41 65.0
42 65.0
43 65.0
44 65.0
45 65.0
46 64.0
47 65.0
48 64.0
49 64.0
50 64.0
51 64.0
52 65.0
53 65.0
54 64.0
55 65.0
56 65.0
57 65.0
58 64.0
59 65.0
60 65.0
61 64.0
62 65.0
63 64.0
64 65.0
65 64.0
66 64.0
67 64.0
68 64.0
69 65.0
70 64.0
71 64.0
72 64.0
73 65.0
74 64.0
75 64.0
76 65.0
77 64.0
78 64.0
79 65.0
80 65.0
81 64.0
82 65.0
83 64.0
84 64.0
85 64.0
86 64.0
87 65.0
88 64.0
89 65.0
90 65.0
91 64.0
92 64.0
93 64.0
94 65.0
95 64.0
96 65.0
97 65.0
98 64.0
99 64.0
100 64.0
101 64.0
102 65.0
103 65.0
104 65.0
105 65.0
106 65.0
107 65.0
108 64.0
109 64.0
110 64.0
111 64.0
112 64.0
113 64.0
114 64.0
115 65.0
116 64.0
117 65.0
118 64.0
119 65.0
120 64.0
121 65.0
122 64.0
123 64.0
124 64.0
125 64.0
126 65.0
127 65.0
128 65.0
129 65.0
130 64.0
131 65.0
132 65.0
133 64.0
134 64.0
135 65.0
136 64.0
137 64.0
138 65.0
139 64.0
140 65.0
141 65.0
142 65.0
143 65.0
144 65.0
145 65.0
146 64.0
147 65.0
148 65.0
149 65.0
150 64.0
151 64.0
152 65.0
153 65.0
154 64.0
155 64.0
156 65.0
157 64.0
158 65.0
159 64.0
160 65.0
161 65.0
162 64.0
163 64.0
164 64.0
165 64.0
166 65.0
167 65.0
168 64.0
169 65.0
170 64.0
171 65.0
172 64.0
173 64.0
174 65.0
175 65.0
176 65.0
177 64.0
178 65.0
179 64.0
180 65.0
181 64.0
182 64.0
183 65.0
184 64.0
185 64.0
186 65.0
187 64.0
188 65.0
189 64.0
190 65.0
191 65.0
192 65.0
