1 63.0
2 63.0
3 65.0
4 65.0
5 64.0
6 64.0
7 64.0
8 66.0
9 64.0
10 63.0
11 63.0
12 65.0
13 65.5
14 65.0
15 65.0
16 65.0
17 64.0
18 66.0
19 62.0
20 64.0
21 64.0
22 64.0
23 66.0
24 64.0
25 66.0
26 65.0
27 63.0
28 64.0
29 65.0
30 65.0
31 64.0
32 65.0
33 64.0
34 64.0
35 65.0
36 65.0
37 65.0
38 64.0
39 64.0
40 64.0
41 64.5
42 65.0
43 65.0
44 64.0
45 65.0
46 65.0
47 65.0
48 65.0
49 65.0
50 64.0
51 64.0
52 64.0
53 63.0
54 64.0
55 65.0
56 63.0
57 65.0
58 64.0
59 64.0
60 65.0
61 64.0
62 65.0
63 63.0
64 64.5
65 65.0
66 65.0
67 64.0
68 63.0
69 64.0
70 63.0
71 64.0
72 64.0
73 65.0
74 64.0
75 65.5
76 67.0
77 65.0
78 63.0
79 66.0
80 67.0
81 66.0
82 66.0
83 64.0
84 64.0
85 65.0
86 66.0
87 65.0
88 64.0
89 64.0
90 65.0
91 64.0
92 65.0
93 63.0
94 64.0
95 63.0
96 66.0
97 66.0
98 65.0
99 63.0
100 65.0
101 65.0
102 65.0
103 65.0
104 65.0
105 65.0
106 65.0
107 63.0
108 65.0
109 65.0
110 64.0
111 64.0
112 64.0
113 66.0
114 65.0
115 64.0
116 64.0
117 66.0
118 63.0
119 64.0
120 64.0
121 66.0
122 64.0
123 65.0
124 66.0
125 64.0
126 64.0
127 64.0
128 63.0
129 64.0
130 64.0
131 64.5
132 63.0
133 64.0
134 66.0
135 64.0
136 65.0
137 65.0
138 66.0
139 63.0
140 64.0
141 65.0
142 66.0
143 65.0
144 66.0
145 64.0
146 66.0
147 64.0
148 64.0
149 65.0
150 63.0
151 64.0
152 65.0
153 64.0
154 64.0
155 64.0
156 66.0
157 65.0
158 67.0
159 64.0
160 67.0
161 65.0
162 64.0
163 65.0
164 63.0
165 66.0
166 66.0
167 66.0
168 65.0
169 63.0
170 64.0
171 63.0
172 63.0
173 64.0
174 62.0
175 63.0
176 65.0
177 65.0
178 65.0
179 64.0
180 63.0
181 64.0
182 64.0
183 64.0
184 64.0
185 65.0
186 67.0
187 62.0
188 64.0
189 65.0
190 67.0
191 64.0
192 64.0
