1 65.0
2 64.0
3 64.0
4 65.0
5 64.0
6 65.0
7 64.0
8 65.0
9 64.0
10 64.0
11 64.0
12 64.0
13 65.0
14 64.0
15 64.0
16 64.0
17 64.0
18 64.0
19 65.0
20 64.0
21 64.0
22 64.0
23 64.0
24 64.0
25 65.0
26 65.0
27 65.0
28 65.0
29 65.0
30 64.0
31 64.0
32 65.0
33 64.0
34 64.0
35 65.0
36 65.0
37 65.0
38 64.0
39 65.0
40 65.0
41 65.0
42 64.0
43 65.0
44 65.0
45 64.0
46 64.0
47 64.0
48 65.0
49 64.0
50 65.0
51 64.0
52 65.0
53 65.0
54 65.0
55 65.0
56 65.0
57 65.0
58 64.0
59 65.0
60 65.0
61 64.0
62 65.0
63 65.0
64 65.0
65 64.0
66 65.0
67 64.0
68 64.0
69 65.0
70 65.0
71 65.0
72 64.0
73 65.0
74 65.0
75 64.0
76 65.0
77 64.0
78 64.0
79 64.0
80 65.0
81 64.0
82 64.0
83 64.0
84 65.0
85 64.0
86 64.0
87 65.0
88 64.0
89 65.0
90 65.0
91 65.0
92 64.0
93 64.0
94 65.0
95 64.0
96 65.0
97 65.0
98 64.0
99 64.0
100 64.0
101 64.0
102 65.0
103 65.0
104 64.0
105 64.0
106 65.0
107 64.0
108 65.0
109 64.0
110 64.0
111 65.0
112 65.0
113 64.0
114 65.0
115 65.0
116 64.0
117 64.0
118 64.0
119 64.0
120 64.0
121 65.0
122 64.0
123 64.0
124 65.0
125 64.0
126 65.0
127 64.0
128 65.0
129 65.0
130 64.0
131 65.0
132 65.0
133 65.0
134 64.0
135 65.0
136 64.0
137 64.0
138 64.0
139 65.0
140 65.0
141 65.0
142 65.0
143 64.0
144 65.0
145 65.0
146 64.0
147 64.0
148 64.0
149 64.0
150 65.0
151 64.0
152 65.0
153 65.0
154 64.0
155 64.0
156 65.0
157 64.0
158 65.0
159 64.0
160 65.0
161 65.0
162 64.0
163 64.0
164 65.0
165 64.0
166 65.0
167 65.0
168 64.0
169 64.0
170 65.0
171 65.0
172 65.0
173 65.0
174 64.0
175 64.0
176 64.0
177 64.0
178 65.0
179 64.0
180 64.0
181 64.0
182 64.0
183 64.0
184 64.0
185 65.0
186 65.0
187 64.0
188 65.0
189 64.0
190 65.0
191 65.0
192 65.0
